#
# State information.
#
#


# dataset 0: For the stoma (column numbers are in brackets)
# 1  2  3  4  5  6  7  8  9  10  11  12  13  14  15  16  
t  pore-length  pore-width  stoma-length  stoma-width  pore-area  gc0-height  gc0-width  gc0-ar  gc0-surface-area  gc0-volume  gc1-height  gc1-width  gc1-ar  gc1-surface-area  gc1-volume  
0.000000   10.58399963    0.94599998   29.64500046   20.94799995    7.84951630   10.00100040   10.00099999    1.00000004  784.96007682  1476.79939624           nan           nan           nan           nan           nan 
0.100000   10.59287272    1.04643377   29.65666900   21.07439491    8.42566956   10.00369172   10.01398057    0.99897255  788.12190840  1486.43936582           nan           nan           nan           nan           nan 
0.200000   10.60108784    1.14528817   29.67113488   21.19331962    9.01435095   10.00915582   10.02401572    0.99851757  791.27628823  1496.00955923           nan           nan           nan           nan           nan 
0.300000   10.60906970    1.23885506   29.68788350   21.30478135    9.58775714   10.01585465   10.03296314    0.99829477  794.40072228  1505.37347302           nan           nan           nan           nan           nan 
0.400000   10.61699596    1.32534429   29.70637404   21.40861043   10.13042580   10.02312696   10.04163307    0.99815706  797.45654655  1514.52255608           nan           nan           nan           nan           nan 
0.500000   10.62488583    1.40412524   29.72606841   21.50483841   10.63476131   10.03069362   10.05035658    0.99804356  800.42298852  1523.40677267           nan           nan           nan           nan           nan 
0.600000   10.63267362    1.47526103   29.74647500   21.59374475   11.09819013   10.03844539   10.05924186    0.99793260  803.28956650  1531.99168474           nan           nan           nan           nan           nan 
0.700000   10.64026358    1.53919214   29.76718213   21.67578477   11.52113584   10.04634677   10.06829631    0.99781993  806.05045575  1540.27179604           nan           nan           nan           nan           nan 
0.800000   10.64756247    1.59653276   29.78786741   21.75150687   11.90565934   10.05439084   10.07748705    0.99770814  808.70313470  1548.25000485           nan           nan           nan           nan           nan 
0.900000   10.65449578    1.64794749   29.80829145   21.82148677   12.25458565   10.06257895   10.08676964    0.99760174  811.25352360  1555.94991169           nan           nan           nan           nan           nan 
1.000000   10.66101217    1.69408303   29.82828544   21.88628489   12.57098476   10.07091235   10.09610093    0.99750512  813.69735648  1563.39938879           nan           nan           nan           nan           nan 
1.100000   10.66708181    1.73553610   29.84773643   21.94642341   12.85788568   10.07938948   10.10544366    0.99742177  816.05235061  1570.55268783           nan           nan           nan           nan           nan 
1.200000   10.67269226    1.77284068   29.86657396   22.00237656   13.11813386   10.08800545   10.11476794    0.99735412  818.32116778  1577.47987570           nan           nan           nan           nan           nan 
1.300000   10.67784414    1.80646706   29.88475853   22.05456829   13.35432976   10.09675267   10.12405062    0.99730365  820.50948345  1584.19609058           nan           nan           nan           nan           nan 
1.400000   10.68254721    1.83682537   29.90227273   22.10337412   13.56881357   10.10562152   10.13327438    0.99727108  822.62027592  1590.70053087           nan           nan           nan           nan           nan 
1.500000   10.68681721    1.86427212   29.91911468   22.14912534   13.76367301   10.11460115   10.14242661    0.99725653  824.65305205  1597.03528828           nan           nan           nan           nan           nan 
1.600000   10.69067356    1.88911664   29.93529305   22.19211328   13.94076295   10.12368004   10.15149832    0.99725969  826.62483883  1603.16823050           nan           nan           nan           nan           nan 
1.700000   10.69413763    1.91162777   29.95082363   22.23259485   14.10172805   10.13284647   10.16048354    0.99727995  828.53265812  1609.12234268           nan           nan           nan           nan           nan 
1.800000   10.69723160    1.93203944   29.96572667   22.27079618   14.24802746   10.14208888   10.16937837    0.99731650  830.38277627  1614.93136102           nan           nan           nan           nan           nan 
1.900000   10.69997768    1.95055580   29.98002508   22.30691671   14.38095657   10.15139601   10.17818046    0.99736844  832.17845595  1620.59987752           nan           nan           nan           nan           nan 
2.000000   10.70239756    1.96735585   29.99374324   22.34113324   14.50166814   10.16075712   10.18688869    0.99743478  833.92158730  1626.12353503           nan           nan           nan           nan           nan 
2.100000   10.70451211    1.98259664   30.00690603   22.37360275   14.61119026   10.17016207   10.19550306    0.99751449  835.61587170  1631.51691515           nan           nan           nan           nan           nan 
2.200000   10.70634120    1.99641693   30.01953837   22.40446472   14.71044208   10.17960128   10.20402390    0.99760657  837.26406464  1636.78721016           nan           nan           nan           nan           nan 
2.300000   10.70790362    2.00893962   30.03166467   22.43384385   14.80024806   10.18906587   10.21245211    0.99771003  838.86559898  1641.92167186           nan           nan           nan           nan           nan 
2.400000   10.70921703    2.02027369   30.04330853   22.46185184   14.88134921   10.19854754   10.22078907    0.99782389  840.42894730  1646.96480187           nan           nan           nan           nan           nan 
2.500000   10.71029796    2.03051651   30.05449289   22.48858893   14.95441409   10.20803863   10.22903621    0.99794726  841.95193817  1651.90832170           nan           nan           nan           nan           nan 
2.600000   10.71116185    2.03975523   30.06523961   22.51414549   15.02004724   10.21753208   10.23719513    0.99807925  843.42947399  1656.75188914           nan           nan           nan           nan           nan 
2.700000   10.71182317    2.04806793   30.07556960   22.53860307   15.07879663   10.22702135   10.24526757    0.99821906  844.88101065  1661.49386295           nan           nan           nan           nan           nan 
2.800000   10.71229532    2.05552518   30.08550268   22.56203580   15.13116073   10.23650047   10.25325531    0.99836590  846.29874753  1666.14431041           nan           nan           nan           nan           nan 
2.900000   10.71259084    2.06219077   30.09505793   22.58451068   15.17759394   10.24596395   10.26115996    0.99851907  847.68420633  1670.70707526           nan           nan           nan           nan           nan 
3.000000   10.71272148    2.06812215   30.10425299   22.60608912   15.21851109   10.25540671   10.26898348    0.99867789  849.03955948  1675.19310032           nan           nan           nan           nan           nan 
3.100000   10.71269815    2.07337177   30.11310470   22.62682676   15.25429214   10.26482415   10.27672750    0.99884172  850.36386021  1679.59423275           nan           nan           nan           nan           nan 
3.200000   10.71253105    2.07798755   30.12162906   22.64677477   15.28528594   10.27421206   10.28439361    0.99901000  851.66054867  1683.91427764           nan           nan           nan           nan           nan 
3.300000   10.71222965    2.08201313   30.12984133   22.66598022   15.31181373   10.28356662   10.29198354    0.99918219  852.93054204  1688.15752000           nan           nan           nan           nan           nan 
3.400000   10.71180290    2.08548844   30.13775563   22.68448615   15.33417091   10.29288426   10.29949886    0.99935778  854.17389228  1692.33036173           nan           nan           nan           nan           nan 
3.500000   10.71125908    2.08845007   30.14538550   22.70233226   15.35263050   10.30216181   10.30694109    0.99953630  855.39053579  1696.42353550           nan           nan           nan           nan           nan 
3.600000   10.71060601    2.09093189   30.15274376   22.71955514   15.36744521   10.31139636   10.31431162    0.99971736  856.58453290  1700.45915528           nan           nan           nan           nan           nan 
3.700000   10.70985094    2.09296489   30.15984249   22.73618889   15.37884897   10.32058531   10.32161200    0.99990053  857.75675797  1704.43941025           nan           nan           nan           nan           nan 
3.800000   10.70900072    2.09457791   30.16669327   22.75226474   15.38705921   10.32972622   10.32884341    1.00008547  858.90491845  1708.34658188           nan           nan           nan           nan           nan 
3.900000   10.70806175    2.09579754   30.17330694   22.76781189   15.39227778   10.33881700   10.33600718    1.00027185  860.03135570  1712.19250751           nan           nan           nan           nan           nan 
4.000000   10.70704003    2.09664834   30.17969388   22.78285754   15.39469243   10.34785566   10.34310460    1.00045935  861.13680718  1715.97902447           nan           nan           nan           nan           nan 
4.100000   10.70594121    2.09715319   30.18586385   22.79742682   15.39447857   10.35684046   10.35013682    1.00064769  862.22197119  1719.70787479           nan           nan           nan           nan           nan 
4.200000   10.70477059    2.09733343   30.19182611   22.81154323   15.39179959   10.36576989   10.35710490    1.00083662  863.28557108  1723.36219674           nan           nan           nan           nan           nan 
4.300000   10.70353317    2.09720886   30.19758958   22.82522893   15.38680818   10.37464249   10.36401004    1.00102590  864.33211624  1726.98060382           nan           nan           nan           nan           nan 
4.400000   10.70223365    2.09679794   30.20316255   22.83850420   15.37964722   10.38345706   10.37085313    1.00121532  865.36026082  1730.54605734           nan           nan           nan           nan           nan 
4.500000   10.70087644    2.09611797   30.20855302   22.85138857   15.37045051   10.39221248   10.37763530    1.00140467  866.37057355  1734.05998114           nan           nan           nan           nan           nan 
4.600000   10.69946569    2.09518492   30.21376866   22.86389983   15.35934352   10.40090781   10.38435745    1.00159378  867.36359526  1737.52373284           nan           nan           nan           nan           nan 
4.700000   10.69800536    2.09401405   30.21881652   22.87605500   15.34644354   10.40954223   10.39102048    1.00178248  868.34062937  1740.94609310           nan           nan           nan           nan           nan 
4.800000   10.69649912    2.09261954   30.22370356   22.88786995   15.33186142   10.41811496   10.39762521    1.00197062  869.30059468  1744.31333576           nan           nan           nan           nan           nan 
4.900000   10.69495047    2.09101450   30.22843629   22.89935982   15.31570063   10.42662543   10.40417266    1.00215805  870.24475001  1747.63413319           nan           nan           nan           nan           nan 
5.000000   10.69336270    2.08921158   30.23302102   22.91053855   15.29805891   10.43507308   10.41066349    1.00234467  871.17354729  1750.90962991           nan           nan           nan           nan           nan 


# dataset 1: optimisation metric
# 1  2  3  4  5  6  7  8  9  
t  metric  metric_raw  dp  pc-gc0-width  pc-pore-length  pc-pore-width  pc-stoma-length  best  
0.000000    5.82864827    0.82864827    5.00000000   -0.03138015   -0.00000003   -0.56304851   -0.01288624  no 
0.100000    5.62778463    0.72778463    4.90000000   -0.03012295    0.00083831   -0.51665877   -0.01249770  no 
0.200000    5.43756762    0.63756762    4.80000000   -0.02915102    0.00161450   -0.47099854   -0.01201602  no 
0.300000    5.25909340    0.55909342    4.69999999   -0.02828444    0.00236864   -0.42778057   -0.01145833  no 
0.400000    5.09166721    0.49166721    4.59999999   -0.02744474    0.00311753   -0.38783173   -0.01084263  no 
0.500000    4.93398228    0.43398228    4.50000000   -0.02659985    0.00386299   -0.35144331   -0.01018685  no 
0.600000    4.78461674    0.38461676    4.39999998   -0.02573929    0.00459879   -0.31858613   -0.00950736  no 
0.700000    4.64224610    0.34224609    4.30000001   -0.02486234    0.00531591   -0.28905675   -0.00881786  no 
0.800000    4.50571869    0.30571870    4.19999999   -0.02397220    0.00600552   -0.26257147   -0.00812908  no 
0.900000    4.37406887    0.27406885    4.10000002   -0.02307316    0.00666060   -0.23882333   -0.00744901  no 
1.000000    4.24650184    0.24650184    4.00000000   -0.02216940    0.00727628   -0.21751361   -0.00678325  no 
1.100000    4.12236900    0.22236903    3.89999998   -0.02126454    0.00784976   -0.19836670   -0.00613557  no 
1.200000    4.00114230    0.20114235    3.79999995   -0.02036146    0.00837984   -0.18113595   -0.00550833  no 
1.300000    3.88239113    0.18239108    3.70000005   -0.01946241    0.00886660   -0.16560413   -0.00490282  no 
1.400000    3.76576273    0.16576271    3.60000002   -0.01856907    0.00931096   -0.15158181   -0.00431963  no 
1.500000    3.65096703    0.15096703    3.50000000   -0.01768265    0.00971440   -0.13890433   -0.00375883  no 
1.600000    3.53776376    0.13776378    3.39999998   -0.01680404    0.01007876   -0.12742880   -0.00322013  no 
1.700000    3.42595266    0.12595271    3.29999995   -0.01593380    0.01040605   -0.11703105   -0.00270300  no 
1.800000    3.31536588    0.11536583    3.20000005   -0.01507231    0.01069837   -0.10760303   -0.00220676  no 
1.900000    3.20586140    0.10586137    3.10000002   -0.01421981    0.01095783   -0.09905044   -0.00173065  no 
2.000000    3.09731879    0.09731879    3.00000000   -0.01337640    0.01118647   -0.09129060   -0.00127387  no 
2.100000    2.98963526    0.08963516    2.90000010   -0.01254208    0.01138625   -0.08425098   -0.00083557  no 
2.200000    2.88272186    0.08272191    2.79999995   -0.01171681    0.01155907   -0.07786747   -0.00041494  no 
2.300000    2.77650249    0.07650244    2.70000005   -0.01090052    0.01170669   -0.07208331   -0.00001117  no 
2.400000    2.67091021    0.07091030    2.59999990   -0.01009307    0.01183078   -0.06684818    0.00037655  no 
2.500000    2.56588738    0.06588738    2.50000000   -0.00929431    0.01193291   -0.06211709    0.00074896  no 
2.600000    2.46138275    0.06138266    2.40000010   -0.00850410    0.01201454   -0.05784978    0.00110681  no 
2.700000    2.35735123    0.05735127    2.29999995   -0.00772227    0.01207702   -0.05401020    0.00145077  no 
2.800000    2.25375345    0.05375340    2.20000005   -0.00694864    0.01212163   -0.05056574    0.00178152  no 
2.900000    2.15055354    0.05055364    2.09999990   -0.00618306    0.01214955   -0.04748694    0.00209969  no 
3.000000    2.04772054    0.04772054    2.00000000   -0.00542533    0.01216189   -0.04474728    0.00240587  no 
3.100000    1.94522593    0.04522583    1.90000010   -0.00467530    0.01215969   -0.04232251    0.00270061  no 
3.200000    1.84304400    0.04304404    1.79999995   -0.00393282    0.01214390   -0.04019051    0.00298445  no 
3.300000    1.74115228    0.04115223    1.70000005   -0.00319772    0.01211542   -0.03833112    0.00325790  no 
3.400000    1.63952953    0.03952962    1.59999990   -0.00246984    0.01207510   -0.03672589    0.00352143  no 
3.500000    1.53815735    0.03815735    1.50000000   -0.00174905    0.01202372   -0.03535793    0.00377549  no 
3.600000    1.43701821    0.03701812    1.40000010   -0.00103519    0.01196202   -0.03421160    0.00402050  no 
3.700000    1.33609613    0.03609618    1.29999995   -0.00032814    0.01189068   -0.03327257    0.00425688  no 
3.800000    1.23537703    0.03537699    1.20000005    0.00037224    0.01181035   -0.03252752    0.00448499  no 
3.900000    1.13484709    0.03484719    1.09999990    0.00106607    0.01172163   -0.03196419    0.00470521  no 
4.000000    1.03449452    0.03449452    1.00000000    0.00175347    0.01162510   -0.03157121    0.00491788  no 
4.100000    0.93430770    0.03430760    0.90000010    0.00243456    0.01152128   -0.03133802    0.00512333  no 
4.200000    0.83427608    0.03427588    0.80000019    0.00310943    0.01141068   -0.03125477    0.00532186  no 
4.300000    0.73438945    0.03438964    0.69999981    0.00377821    0.01129376   -0.03131231    0.00551377  no 
4.400000    0.63463974    0.03463984    0.59999990    0.00444098    0.01117098   -0.03150210    0.00569934  no 
4.500000    0.53501810    0.03501810    0.50000000    0.00509785    0.01104275   -0.03181618    0.00587883  no 
4.600000    0.43551681    0.03551671    0.40000010    0.00574891    0.01090946   -0.03224715    0.00605250  no 
4.700000    0.33612859    0.03612840    0.30000019    0.00639424    0.01077148   -0.03278797    0.00622058  no 
4.800000    0.23684626    0.03684645    0.19999981    0.00703392    0.01062917   -0.03343208    0.00638331  no 
4.900000    0.13766459    0.03766468    0.09999990    0.00766805    0.01048285   -0.03417344    0.00654090  no 
5.000000    0.03857722    0.03857722    0.00000000    0.00829671    0.01033283   -0.03500620    0.00669356  BEST-STATE 
