#
# State information.
#
#


# dataset 0: For the stoma (column numbers are in brackets)
# 1  2  3  4  5  6  7  8  9  10  11  12  13  14  15  16  
t  pore-length  pore-width  stoma-length  stoma-width  pore-area  gc0-height  gc0-width  gc0-ar  gc0-surface-area  gc0-volume  gc1-height  gc1-width  gc1-ar  gc1-surface-area  gc1-volume  
0.000000   11.14299965    0.97000003   28.37500000   22.98600006    8.47358164   11.00800037   11.00800002    1.00000003  808.79361388  1648.33774713           nan           nan           nan           nan           nan 
0.100000   11.16916631    1.13833494   28.39828690   23.18660028    9.52440611   11.00629314   11.02413267    0.99838178  813.83319852  1663.54330681           nan           nan           nan           nan           nan 
0.200000   11.19356895    1.29796749   28.42710210   23.37060532   10.57106533   11.00866320   11.03631891    0.99749412  818.77505405  1678.31917820           nan           nan           nan           nan           nan 
0.300000   11.21661426    1.44128704   28.45914768   23.53693682   11.54626312   11.01244497   11.04782489    0.99679757  823.49312571  1692.38929347           nan           nan           nan           nan           nan 
0.400000   11.23817524    1.56662273   28.49249507   23.68568927   12.42493186   11.01688421   11.05953327    0.99614368  827.91980537  1705.65668707           nan           nan           nan           nan           nan 
0.500000   11.25805128    1.67508781   28.52573895   23.81817657   13.20429540   11.02182758   11.07154438    0.99550950  832.05091276  1718.06349418           nan           nan           nan           nan           nan 
0.600000   11.27614543    1.76880383   28.55800818   23.93630421   13.89169283   11.02727217   11.08375019    0.99490443  835.88886299  1729.66951384           nan           nan           nan           nan           nan 
0.700000   11.29248340    1.84999764   28.58884631   24.04204452   14.49767077   11.03322744   11.09602344    0.99434068  839.46835820  1740.56937825           nan           nan           nan           nan           nan 
0.800000   11.30716340    1.92067480   28.61806276   24.13720441   15.03301158   11.03968609   11.10826480    0.99382633  842.83058966  1750.79637514           nan           nan           nan           nan           nan 
0.900000   11.32032679    1.98252094   28.64561784   24.22333729   15.50744192   11.04662337   11.12040818    0.99336492  845.99098067  1760.44334522           nan           nan           nan           nan           nan 
1.000000   11.33212684    2.03691208   28.67155734   24.30173934   15.92929472   11.05400392   11.13241363    0.99295663  848.96266467  1769.63450023           nan           nan           nan           nan           nan 
1.100000   11.34271130    2.08496594   28.69596678   24.37348390   16.30559233   11.06178769   11.14425898    0.99259966  851.76850790  1778.39766905           nan           nan           nan           nan           nan 
1.200000   11.35221536    2.12759185   28.71894777   24.43945897   16.64222005   11.06993409   11.15593356    0.99229115  854.43949231  1786.75404950           nan           nan           nan           nan           nan 
1.300000   11.36075954    2.16553259   28.74060503   24.50040030   16.94410235   11.07840398   11.16743386    0.99202772  856.98855174  1794.75260238           nan           nan           nan           nan           nan 
1.400000   11.36844938    2.19939899   28.76104048   24.55692077   17.21537400   11.08716083   11.17876089    0.99180588  859.42021367  1802.46487301           nan           nan           nan           nan           nan 
1.500000   11.37537664    2.22969723   28.78035015   24.60953355   17.45952279   11.09617114   11.18991816    0.99162219  861.74852511  1809.89992984           nan           nan           nan           nan           nan 
1.600000   11.38162100    2.25685024   28.79862267   24.65867198   17.67950970   11.10540447   11.20091087    0.99147334  863.98586940  1817.09411399           nan           nan           nan           nan           nan 
1.700000   11.38725163    2.28121424   28.81593853   24.70470405   17.87786355   11.11483333   11.21174490    0.99135625  866.13879463  1824.06193862           nan           nan           nan           nan           nan 
1.800000   11.39232858    2.30309165   28.83237079   24.74794436   18.05675845   11.12443300   11.22242635    0.99126808  868.21295124  1830.84208589           nan           nan           nan           nan           nan 
1.900000   11.39690414    2.32274091   28.84798557   24.78866363   18.21807413   11.13418129   11.23296136    0.99120623  870.21906107  1837.41944713           nan           nan           nan           nan           nan 
2.000000   11.40102398    2.34038436   28.86284265   24.82709634   18.36344642   11.14405826   11.24335599    0.99116832  872.16005361  1843.82418517           nan           nan           nan           nan           nan 
2.100000   11.40472814    2.35621500   28.87699598   24.86344671   18.49430695   11.15404597   11.25361586    0.99115219  874.03818917  1850.04295952           nan           nan           nan           nan           nan 
2.200000   11.40805185    2.37040079   28.89049429   24.89789367   18.61191470   11.16412832   11.26374644    0.99115586  875.86286335  1856.13516917           nan           nan           nan           nan           nan 
2.300000   11.41102633    2.38308871   28.90338165   24.93059456   18.71738240   11.17429073   11.27375293    0.99117754  877.63572310  1862.08986703           nan           nan           nan           nan           nan 
2.400000   11.41367915    2.39440882   28.91569811   24.96168864   18.81169921   11.18452011   11.28363991    0.99121562  879.36003001  1867.91521458           nan           nan           nan           nan           nan 
2.500000   11.41603506    2.40447557   28.92748004   24.99129963   18.89574715   11.19480456   11.29341203    0.99126859  881.03819258  1873.61520976           nan           nan           nan           nan           nan 
2.600000   11.41811597    2.41339147   28.93876076   25.01953816   18.97031705   11.20513335   11.30307335    0.99133510  882.67727759  1879.18130190           nan           nan           nan           nan           nan 
2.700000   11.41994163    2.42124748   28.94957095   25.04650259   19.03612002   11.21549675   11.31262755    0.99141395  884.27155986  1884.65428123           nan           nan           nan           nan           nan 
2.800000   11.42152995    2.42812562   28.95993817   25.07228231   19.09379805   11.22588587   11.32207835    0.99150399  885.82811610  1890.02983909           nan           nan           nan           nan           nan 
2.900000   11.42289701    2.43409932   28.96988773   25.09695745   19.14393297   11.23629263   11.33142906    0.99160420  887.34728886  1895.29840903           nan           nan           nan           nan           nan 
3.000000   11.42405757    2.43923521   28.97944266   25.12060070   19.18705315   11.24670970   11.34068274    0.99171363  888.83142595  1900.46995176           nan           nan           nan           nan           nan 
3.100000   11.42502496    2.44359350   28.98862433   25.14327836   19.22364092   11.25713034   11.34984243    0.99183142  890.28277700  1905.55262893           nan           nan           nan           nan           nan 
3.200000   11.42581150    2.44722891   28.99745238   25.16505003   19.25413680   11.26754838   11.35891056    0.99195678  891.70281169  1910.54993739           nan           nan           nan           nan           nan 
3.300000   11.42642838    2.45019150   29.00594497   25.18597126   19.27894499   11.27795827   11.36788988    0.99208898  893.09263543  1915.46233614           nan           nan           nan           nan           nan 
3.400000   11.42688599    2.45252681   29.01411927   25.20609212   19.29843686   11.28835481   11.37678266    0.99222734  894.45339555  1920.29426242           nan           nan           nan           nan           nan 
3.500000   11.42719379    2.45427680   29.02199090   25.22545862   19.31295476   11.29873335   11.38559091    0.99237127  895.78649046  1925.04895964           nan           nan           nan           nan           nan 
3.600000   11.42736071    2.45547974   29.02957457   25.24411368   19.32281479   11.30908954   11.39431697    0.99252018  897.09303069  1929.72920451           nan           nan           nan           nan           nan 
3.700000   11.42739487    2.45617127   29.03688401   25.26209641   19.32830946   11.31941944   11.40296257    0.99267356  898.37405050  1934.33757682           nan           nan           nan           nan           nan 
3.800000   11.42730391    2.45638394   29.04393202   25.27944303   19.32970966   11.32971942   11.41152954    0.99283092  899.62795454  1938.88835886           nan           nan           nan           nan           nan 
3.900000   11.42709500    2.45614791   29.05073065   25.29618692   19.32726752   11.33998615   11.42001951    0.99299184  900.86074654  1943.36010693           nan           nan           nan           nan           nan 
4.000000   11.42677474    2.45549119   29.05729097   25.31235981   19.32121757   11.35021663   11.42843431    0.99315587  902.07072753  1947.76672372           nan           nan           nan           nan           nan 
4.100000   11.42634937    2.45443988   29.06362361   25.32799006   19.31177830   11.36040801   11.43677509    0.99332267  903.25868965  1952.11017743           nan           nan           nan           nan           nan 
4.200000   11.42582479    2.45301795   29.06973845   25.34310508   19.29915365   11.37055773   11.44504356    0.99349187  904.42514148  1956.39064472           nan           nan           nan           nan           nan 
4.300000   11.42520645    2.45124805   29.07564497   25.35772991   19.28353473   11.38066345   11.45324093    0.99366315  905.57125994  1960.61321717           nan           nan           nan           nan           nan 
4.400000   11.42449957    2.44915116   29.08135176   25.37188792   19.26509952   11.39072305   11.46136838    0.99383622  906.69747080  1964.77786393           nan           nan           nan           nan           nan 
4.500000   11.42370901    2.44674683   29.08686757   25.38560128   19.24401635   11.40073457   11.46942723    0.99401080  907.80460500  1968.88757795           nan           nan           nan           nan           nan 
4.600000   11.42283937    2.44405341   29.09220004   25.39889050   19.22044192   11.41069618   11.47741854    0.99418664  908.88840614  1972.95981281           nan           nan           nan           nan           nan 
4.700000   11.42189512    2.44108808   29.09735650   25.41177511   19.19452406   11.42060629   11.48534352    0.99436349  909.95851285  1976.95972325           nan           nan           nan           nan           nan 
4.800000   11.42088035    2.43786693   29.10234404   25.42427301   19.16640172   11.43046334   11.49320304    0.99454115  911.01103358  1980.90746467           nan           nan           nan           nan           nan 
4.900000   11.41979903    2.43440509   29.10716939   25.43640137   19.13620579   11.44026601   11.50099814    0.99471940  912.04329938  1984.77641234           nan           nan           nan           nan           nan 
5.000000   11.41865492    2.43071687   29.11183876   25.44817638   19.10405923   11.45001310   11.50872976    0.99489808  913.06215983  1988.62360050           nan           nan           nan           nan           nan 


# dataset 1: optimisation metric
# 1  2  3  4  5  6  7  8  9  
t  metric  metric_raw  dp  pc-gc0-width  pc-pore-length  pc-pore-width  pc-stoma-length  best  
0.000000    5.95716029    0.95716029    5.00000000   -0.01915709   -0.00000003   -0.61568937   -0.03492960  no 
0.100000    5.69723946    0.79723946    4.90000000   -0.01771962    0.00234823   -0.54899566   -0.03413758  no 
0.200000    5.46612628    0.66612628    4.80000000   -0.01663380    0.00453818   -0.48574980   -0.03315754  no 
0.300000    5.26151465    0.56151466    4.69999999   -0.01560858    0.00660632   -0.42896710   -0.03206763  no 
0.400000    5.07825754    0.47825755    4.59999999   -0.01456533    0.00854126   -0.37930953   -0.03093344  no 
0.500000    4.91144698    0.41144698    4.50000000   -0.01349511    0.01032498   -0.33633605   -0.02980277  no 
0.600000    4.75714834    0.35714836    4.39999998   -0.01240754    0.01194880   -0.29920609   -0.02870525  no 
0.700000    4.61241580    0.31241579    4.30000001   -0.01131396    0.01341501   -0.26703739   -0.02765641  no 
0.800000    4.47508319    0.27508320    4.19999999   -0.01022322    0.01473242   -0.23903534   -0.02666272  no 
0.900000    4.34356391    0.24356388    4.10000002   -0.00914121    0.01591374   -0.21453212   -0.02572553  no 
1.000000    4.21668745    0.21668745    4.00000000   -0.00807149    0.01697270   -0.19298253   -0.02484330  no 
1.100000    4.09357743    0.19357745    3.89999998   -0.00701604    0.01792258   -0.17394376   -0.02401310  no 
1.200000    3.97356725    0.17356729    3.79999995   -0.00597580    0.01877550   -0.15705553   -0.02323149  no 
1.300000    3.85614272    0.15614267    3.70000005   -0.00495110    0.01954227   -0.14202354   -0.02249490  no 
1.400000    3.74090112    0.14090110    3.60000002   -0.00394183    0.02023238   -0.12860579   -0.02179986  no 
1.500000    3.62752335    0.12752335    3.50000000   -0.00294768    0.02085405   -0.11660173   -0.02114311  no 
1.600000    3.51575293    0.11575295    3.39999998   -0.00196820    0.02141443   -0.10584380   -0.02052164  no 
1.700000    3.40538139    0.10538143    3.29999995   -0.00100286    0.02191974   -0.09619087   -0.01993271  no 
1.800000    3.29623737    0.09623732    3.20000005   -0.00005111    0.02237535   -0.08752312   -0.01937383  no 
1.900000    3.18817810    0.08817807    3.10000002    0.00088758    0.02278598   -0.07973815   -0.01884275  no 
2.000000    3.08108386    0.08108386    3.00000000    0.00181377    0.02315570   -0.07274787   -0.01833744  no 
2.100000    2.97485264    0.07485254    2.90000010    0.00272796    0.02348812   -0.06647583   -0.01785606  no 
2.200000    2.86939613    0.06939618    2.79999995    0.00363062    0.02378640   -0.06085547   -0.01739697  no 
2.300000    2.76463807    0.06463802    2.70000005    0.00452222    0.02405334   -0.05582856   -0.01695865  no 
2.400000    2.66050975    0.06050984    2.59999990    0.00540318    0.02429141   -0.05134357   -0.01653976  no 
2.500000    2.55695064    0.05695064    2.50000000    0.00627390    0.02450283   -0.04735516   -0.01613904  no 
2.600000    2.45390475    0.05390465    2.40000010    0.00713475    0.02468958   -0.04382271   -0.01575537  no 
2.700000    2.35132085    0.05132090    2.29999995    0.00798606    0.02485342   -0.04071019   -0.01538770  no 
2.800000    2.24915222    0.04915217    2.20000005    0.00882815    0.02499596   -0.03798510   -0.01503509  no 
2.900000    2.14735485    0.04735494    2.09999990    0.00966133    0.02511864   -0.03561834   -0.01469670  no 
3.000000    2.04588903    0.04588903    2.00000000    0.01048585    0.02522279   -0.03358351   -0.01437172  no 
3.100000    1.94471785    0.04471775    1.90000010    0.01130201    0.02530961   -0.03185677   -0.01405944  no 
3.200000    1.84380786    0.04380791    1.79999995    0.01211000    0.02538019   -0.03041644   -0.01375919  no 
3.300000    1.74312990    0.04312985    1.70000005    0.01291008    0.02543555   -0.02924267   -0.01347034  no 
3.400000    1.64265746    0.04265755    1.59999990    0.01370246    0.02547662   -0.02831743   -0.01319232  no 
3.500000    1.54236844    0.04236844    1.50000000    0.01448729    0.02550424   -0.02762409   -0.01292460  no 
3.600000    1.44224347    0.04224338    1.40000010    0.01526481    0.02551922   -0.02714749   -0.01266667  no 
3.700000    1.34226618    0.04226622    1.29999995    0.01603516    0.02552229   -0.02687350   -0.01241807  no 
3.800000    1.24242380    0.04242375    1.20000005    0.01679850    0.02551413   -0.02678925   -0.01217835  no 
3.900000    1.14270509    0.04270518    1.09999990    0.01755498    0.02549538   -0.02688276   -0.01194712  no 
4.000000    1.04310187    0.04310187    1.00000000    0.01830476    0.02546664   -0.02714295   -0.01172400  no 
4.100000    0.94360696    0.04360687    0.90000010    0.01904795    0.02542846   -0.02755948   -0.01150862  no 
4.200000    0.84421501    0.04421482    0.80000019    0.01978469    0.02538139   -0.02812284   -0.01130064  no 
4.300000    0.74492119    0.04492138    0.69999981    0.02051510    0.02532590   -0.02882407   -0.01109976  no 
4.400000    0.64572303    0.04572312    0.59999990    0.02123927    0.02526246   -0.02965485   -0.01090566  no 
4.500000    0.54661728    0.04661728    0.50000000    0.02195734    0.02519151   -0.03060744   -0.01071806  no 
4.600000    0.44760159    0.04760149    0.40000010    0.02266939    0.02511347   -0.03167456   -0.01053670  no 
4.700000    0.34867392    0.04867373    0.30000019    0.02337552    0.02502873   -0.03284941   -0.01036132  no 
4.800000    0.24983191    0.04983210    0.19999981    0.02407583    0.02493766   -0.03412562   -0.01019169  no 
4.900000    0.15107469    0.05107479    0.09999990    0.02477039    0.02484062   -0.03549719   -0.01002757  no 
5.000000    0.05239995    0.05239995    0.00000000    0.02545930    0.02473794   -0.03695845   -0.00986876  BEST-STATE 
