#
# State information.
#
#


# dataset 0: For the stoma (column numbers are in brackets)
# 1  2  3  4  5  6  7  8  9  10  11  12  13  14  15  16  
t  pore-length  pore-width  stoma-length  stoma-width  pore-area  gc0-height  gc0-width  gc0-ar  gc0-surface-area  gc0-volume  gc1-height  gc1-width  gc1-ar  gc1-surface-area  gc1-volume  
0.000000   10.58399963    0.94599998   29.64500046   20.94799995    7.84951630   10.00100040   10.00099999    1.00000004  784.96007682  1476.79939624           nan           nan           nan           nan           nan 
0.100000   10.59437747    1.05771479   29.65814719   21.08713827    8.49327508   10.00283369   10.01471174    0.99881394  788.38781091  1487.19012244           nan           nan           nan           nan           nan 
0.200000   10.60401647    1.16711573   29.67458774   21.21730080    9.14908111   10.00783127   10.02509253    0.99827819  791.79963515  1497.48236103           nan           nan           nan           nan           nan 
0.300000   10.61342146    1.26983958   29.69365704   21.33852395    9.78370080   10.01416772   10.03434218    0.99798946  795.16557543  1507.51060973           nan           nan           nan           nan           nan 
0.400000   10.62277588    1.36395529   29.71465875   21.45068026   10.37969227   10.02110404   10.04336248    0.99778377  798.44537311  1517.28372356           nan           nan           nan           nan           nan 
0.500000   10.63206877    1.44894588   29.73691860   21.55392754   10.92935717   10.02835131   10.05249083    0.99759865  801.61720308  1526.71789712           nan           nan           nan           nan           nan 
0.600000   10.64119579    1.52509087   29.75984369   21.64872509   11.43091799   10.03580898   10.06181711    0.99741517  804.66552383  1535.80683902           nan           nan           nan           nan           nan 
0.700000   10.65003128    1.59306276   29.78295667   21.73572016   11.88589357   10.04345115   10.07132870    0.99723199  807.59192577  1544.52068327           nan           nan           nan           nan           nan 
0.800000   10.65846635    1.65368158   29.80590078   21.81563622   12.29741796   10.05127716   10.08097732    0.99705384  810.39485667  1552.91092931           nan           nan           nan           nan           nan 
0.900000   10.66642211    1.70778030   29.82842372   21.88919759   12.66925514   10.05929071   10.09070864    0.99688645  813.07287917  1560.99930049           nan           nan           nan           nan           nan 
1.000000   10.67385090    1.75613713   29.85035728   21.95708525   13.00524621   10.06749268   10.10047406    0.99673467  815.64495038  1568.74442317           nan           nan           nan           nan           nan 
1.100000   10.68073105    1.79944903   29.87159678   22.01991677   13.30903558   10.07587935   10.11023387    0.99660201  818.11521988  1576.22132163           nan           nan           nan           nan           nan 
1.200000   10.68706033    1.83832586   29.89208339   22.07824123   13.58395309   10.08444288   10.11995769    0.99649062  820.49092273  1583.44991037           nan           nan           nan           nan           nan 
1.300000   10.69284987    1.87329501   29.91179067   22.13254106   13.83298005   10.09317233   10.12962303    0.99640157  822.77039984  1590.45642628           nan           nan           nan           nan           nan 
1.400000   10.69811935    1.90481037   29.93071431   22.18323755   14.05875611   10.10205484   10.13921359    0.99633514  824.97301796  1597.21914692           nan           nan           nan           nan           nan 
1.500000   10.70289356    1.93326145   29.94886437   22.23069799   14.26360627   10.11107643   10.14871827    0.99629098  827.09850484  1603.77745908           nan           nan           nan           nan           nan 
1.600000   10.70719990    1.95898342   29.96626028   22.27524245   14.44957437   10.12022273   10.15812951    0.99626833  829.15128369  1610.13430820           nan           nan           nan           nan           nan 
1.700000   10.71106665    1.98226500   29.98292732   22.31715047   14.61845736   10.12947947   10.16744274    0.99626619  831.13857071  1616.32627266           nan           nan           nan           nan           nan 
1.800000   10.71452184    2.00335598   29.99889424   22.35666656   14.77183772   10.13883281   10.17665529    0.99628341  833.06127171  1622.34134087           nan           nan           nan           nan           nan 
1.900000   10.71759266    2.02247310   30.01419157   22.39400530   14.91111273   10.14826950   10.18576610    0.99631873  834.92822685  1628.21521482           nan           nan           nan           nan           nan 
2.000000   10.72030509    2.03980553   30.02884996   22.42935562   15.03751840   10.15777706   10.19477504    0.99637089  836.74128687  1633.94250874           nan           nan           nan           nan           nan 
2.100000   10.72268365    2.05551863   30.04289973   22.46288455   15.15215288   10.16734369   10.20368296    0.99643861  838.49193218  1639.55346581           nan           nan           nan           nan           nan 
2.200000   10.72475129    2.06975806   30.05637065   22.49474001   15.25599446   10.17695849   10.21249098    0.99652068  840.20503807  1645.02000185           nan           nan           nan           nan           nan 
2.300000   10.72652942    2.08265221   30.06929135   22.52505374   15.34991708   10.18661129   10.22120076    0.99661591  841.87265750  1650.36583048           nan           nan           nan           nan           nan 
2.400000   10.72803791    2.09431481   30.08168930   22.55394351   15.43470496   10.19629276   10.22981435    0.99672315  843.49617258  1655.58028741           nan           nan           nan           nan           nan 
2.500000   10.72929524    2.10484755   30.09359053   22.58151460   15.51106370   10.20599420   10.23833352    0.99684135  845.08002735  1660.70312296           nan           nan           nan           nan           nan 
2.600000   10.73031853    2.11434066   30.10501978   22.60786176   15.57962956   10.21570769   10.24676055    0.99696950  846.62447205  1665.72584633           nan           nan           nan           nan           nan 
2.700000   10.73112364    2.12287557   30.11600047   22.63307023   15.64097879   10.22542588   10.25509733    0.99710666  848.13282171  1670.64673807           nan           nan           nan           nan           nan 
2.800000   10.73172528    2.13052511   30.12655476   22.65721750   15.69563472   10.23514207   10.26334620    0.99725196  849.60687078  1675.48086467           nan           nan           nan           nan           nan 
2.900000   10.73213707    2.13735533   30.13670343   22.68037343   15.74407324   10.24485008   10.27150905    0.99740457  851.04668334  1680.21736956           nan           nan           nan           nan           nan 
3.000000   10.73237172    2.14342594   30.14646614   22.70260167   15.78672923   10.25454429   10.27958786    0.99756376  852.45450909  1684.86739732           nan           nan           nan           nan           nan 
3.100000   10.73244095    2.14879096   30.15586144   22.72396052   15.82400013   10.26421949   10.28758478    0.99772879  853.83171975  1689.43437048           nan           nan           nan           nan           nan 
3.200000   10.73235570    2.15349984   30.16490680   22.74450302   15.85625100   10.27387097   10.29550159    0.99789902  855.17224322  1693.93900263           nan           nan           nan           nan           nan 
3.300000   10.73212618    2.15759766   30.17361867   22.76427770   15.88381672   10.28349444   10.30334002    0.99807387  856.49196685  1698.34913487           nan           nan           nan           nan           nan 
3.400000   10.73176183    2.16112566   30.18201274   22.78332937   15.90700645   10.29308590   10.31110185    0.99825276  857.78463791  1702.68506146           nan           nan           nan           nan           nan 
3.500000   10.73127149    2.16412175   30.19010377   22.80169916   15.92610534   10.30264181   10.31878871    0.99843519  859.05129034  1706.94933854           nan           nan           nan           nan           nan 
3.600000   10.73066348    2.16662049   30.19790542   22.81942511   15.94137678   10.31215882   10.32640231    0.99862067  860.28836633  1711.16161939           nan           nan           nan           nan           nan 
3.700000   10.72994556    2.16865420   30.20543057   22.83654213   15.95306502   10.32163399   10.33394396    0.99880878  861.50582318  1715.28966755           nan           nan           nan           nan           nan 
3.800000   10.72912495    2.17025232   30.21269172   22.85308278   15.96139667   10.33106458   10.34141523    0.99899911  862.69999454  1719.35282114           nan           nan           nan           nan           nan 
3.900000   10.72820844    2.17144227   30.21970057   22.86907732   15.96658256   10.34044811   10.34881753    0.99919127  863.86973530  1723.33441453           nan           nan           nan           nan           nan 
4.000000   10.72720242    2.17224944   30.22646791   22.88455355   15.96881848   10.34978235   10.35615206    0.99938493  865.01971546  1727.27366234           nan           nan           nan           nan           nan 
4.100000   10.72611289    2.17269754   30.23300427   22.89953756   15.96828749   10.35906526   10.36342001    0.99957980  866.14869749  1731.15366058           nan           nan           nan           nan           nan 
4.200000   10.72494544    2.17280829   30.23931956   22.91405380   15.96516000   10.36829507   10.37062275    0.99977555  867.25907104  1734.96918657           nan           nan           nan           nan           nan 
4.300000   10.72370538    2.17260218   30.24542320   22.92812479   15.95959556   10.37747008   10.37776130    0.99997194  868.34570091  1738.74527028           nan           nan           nan           nan           nan 
4.400000   10.72239766    2.17209840   30.25132412   22.94177186   15.95174342   10.38658884   10.38483673    1.00016872  869.41643117  1742.46481786           nan           nan           nan           nan           nan 
4.500000   10.72102696    2.17131448   30.25703079   22.95501471   15.94174332   10.39565003   10.39185011    1.00036566  870.46789873  1746.12382636           nan           nan           nan           nan           nan 
4.600000   10.71959771    2.17026734   30.26255125   22.96787214   15.92972630   10.40465251   10.39880240    1.00056258  871.50145187  1749.73120847           nan           nan           nan           nan           nan 
4.700000   10.71811405    2.16897237   30.26789320   22.98036146   15.91581528   10.41359520   10.40569454    1.00075926  872.51762150  1753.28828146           nan           nan           nan           nan           nan 
4.800000   10.71657991    2.16744423   30.27306390   22.99249935   15.90012597   10.42247722   10.41252756    1.00095555  873.51691420  1756.79630602           nan           nan           nan           nan           nan 
4.900000   10.71499899    2.16569662   30.27807033   23.00430083   15.88276685   10.43129778   10.41930211    1.00115129  874.49981461  1760.25648834           nan           nan           nan           nan           nan 
5.000000   10.71337479    2.16374254   30.28291905   23.01578069   15.86384022   10.44005615   10.42601907    1.00134635  875.46678626  1763.66998849           nan           nan           nan           nan           nan 


# dataset 1: optimisation metric
# 1  2  3  4  5  6  7  8  9  
t  metric  metric_raw  dp  pc-gc0-width  pc-pore-length  pc-pore-width  pc-stoma-length  best  
0.000000    5.82864827    0.82864827    5.00000000   -0.03138015   -0.00000003   -0.56304851   -0.01288624  no 
0.100000    5.61706932    0.71706932    4.90000000   -0.03005213    0.00098049   -0.51144813   -0.01244848  no 
0.200000    5.41870629    0.61870629    4.80000000   -0.02904673    0.00189120   -0.46091652   -0.01190105  no 
0.300000    5.23442068    0.53442069    4.69999999   -0.02815088    0.00277980   -0.41346901   -0.01126608  no 
0.400000    5.06299488    0.46299489    4.59999999   -0.02727724    0.00366363   -0.36999756   -0.01056677  no 
0.500000    4.90262044    0.40262044    4.50000000   -0.02639314    0.00454164   -0.33074093   -0.00982557  no 
0.600000    4.75147572    0.35147575    4.39999998   -0.02548987    0.00540399   -0.29557004   -0.00906221  no 
0.700000    4.60794432    0.30794431    4.30000001   -0.02456865    0.00623878   -0.26417425   -0.00829260  no 
0.800000    4.47067225    0.27067227    4.19999999   -0.02363416    0.00703575   -0.23617479   -0.00752861  no 
0.900000    4.33855696    0.23855694    4.10000002   -0.02269166    0.00778743   -0.21118693   -0.00677865  no 
1.000000    4.21071239    0.21071239    4.00000000   -0.02174585    0.00848931   -0.18885121   -0.00604831  no 
1.100000    4.08642968    0.18642970    3.89999998   -0.02080059    0.00913937   -0.16884572   -0.00534108  no 
1.200000    3.96514107    0.16514112    3.79999995   -0.01985882    0.00973737   -0.15088875   -0.00465892  no 
1.300000    3.84639007    0.14639002    3.70000005   -0.01892271    0.01028438   -0.13473672   -0.00400271  no 
1.400000    3.72980694    0.12980691    3.60000002   -0.01799384    0.01078225   -0.12017997   -0.00337259  no 
1.500000    3.61509109    0.11509109    3.50000000   -0.01707329    0.01123333   -0.10703859   -0.00276823  no 
1.600000    3.50199587    0.10199589    3.39999998   -0.01616179    0.01164020   -0.09515777   -0.00218899  no 
1.700000    3.39031780    0.09031785    3.29999995   -0.01525978    0.01200554   -0.08440416   -0.00163401  no 
1.800000    3.27988811    0.07988807    3.20000005   -0.01436753    0.01233200   -0.07466236   -0.00110235  no 
1.900000    3.17056579    0.07056577    3.10000002   -0.01348512    0.01262213   -0.06583229   -0.00059298  no 
2.000000    3.06223307    0.06223307    3.00000000   -0.01261259    0.01287841   -0.05782654   -0.00010489  no 
2.100000    2.95479149    0.05479139    2.90000010   -0.01174983    0.01310314   -0.05056876    0.00036294  no 
2.200000    2.84815811    0.04815816    2.79999995   -0.01089676    0.01329850   -0.04399166    0.00081149  no 
2.300000    2.74226485    0.04226480    2.70000005   -0.01005319    0.01346650   -0.03803593    0.00124172  no 
2.400000    2.63705479    0.03705489    2.59999990   -0.00921895    0.01360902   -0.03264905    0.00165455  no 
2.500000    2.53248245    0.03248245    2.50000000   -0.00839385    0.01372782   -0.02778404    0.00205083  no 
2.600000    2.42851116    0.02851107    2.40000010   -0.00757767    0.01382450   -0.02339923    0.00243140  no 
2.700000    2.32511167    0.02511172    2.29999995   -0.00677023    0.01390057   -0.01945701    0.00279703  no 
2.800000    2.22226078    0.02226073    2.20000005   -0.00597131    0.01395741   -0.01592374    0.00314847  no 
2.900000    2.11993564    0.01993574    2.09999990   -0.00518072    0.01399632   -0.01276890    0.00348640  no 
3.000000    2.01811074    0.01811074    2.00000000   -0.00439827    0.01401849   -0.00996492    0.00381147  no 
3.100000    1.91675040    0.01675031    1.90000010   -0.00362375    0.01402503   -0.00748686    0.00412432  no 
3.200000    1.81580525    0.01580530    1.79999995   -0.00285699    0.01401698   -0.00531185    0.00442551  no 
3.300000    1.71521302    0.01521297    1.70000005   -0.00209782    0.01399529   -0.00341909    0.00471559  no 
3.400000    1.61490187    0.01490197    1.59999990   -0.00134607    0.01396087   -0.00178953    0.00499510  no 
3.500000    1.51480037    0.01480037    1.50000000   -0.00060158    0.01391454   -0.00040566    0.00526451  no 
3.600000    1.41484327    0.01484318    1.40000010    0.00013582    0.01385709    0.00074850    0.00552429  no 
3.700000    1.31497679    0.01497684    1.29999995    0.00086624    0.01378926    0.00168785    0.00577486  no 
3.800000    1.21516065    0.01516060    1.20000005    0.00158985    0.01371173    0.00242602    0.00601664  no 
3.900000    1.11536556    0.01536565    1.09999990    0.00230678    0.01362514    0.00297564    0.00625002  no 
4.000000    1.01557330    0.01557330    1.00000000    0.00301715    0.01353008    0.00334847    0.00647536  no 
4.100000    0.91577306    0.01577297    0.90000010    0.00372107    0.01342714    0.00355545    0.00669300  no 
4.200000    0.81596055    0.01596036    0.80000019    0.00441867    0.01331684    0.00360660    0.00690329  no 
4.300000    0.71613585    0.01613604    0.69999981    0.00511005    0.01319968    0.00351140    0.00710653  no 
4.400000    0.61630419    0.01630428    0.59999990    0.00579533    0.01307612    0.00327871    0.00730301  no 
4.500000    0.51647211    0.01647211    0.50000000    0.00647459    0.01294661    0.00291662    0.00749303  no 
4.600000    0.41664875    0.01664866    0.40000010    0.00714793    0.01281158    0.00243295    0.00767685  no 
4.700000    0.31684467    0.01684448    0.30000019    0.00781545    0.01267140    0.00183481    0.00785473  no 
4.800000    0.21707080    0.01707099    0.19999981    0.00847725    0.01252645    0.00112897    0.00802690  no 
4.900000    0.11733983    0.01733992    0.09999990    0.00913338    0.01237708    0.00032176    0.00819360  no 
5.000000    0.01766277    0.01766277    0.00000000    0.00978393    0.01222362   -0.00058081    0.00835506  BEST-STATE 
