#
# State information.
#
#


# dataset 0: For the stoma (column numbers are in brackets)
# 1  2  3  4  5  6  7  8  9  10  11  12  13  14  15  16  
t  pore-length  pore-width  stoma-length  stoma-width  pore-area  gc0-height  gc0-width  gc0-ar  gc0-surface-area  gc0-volume  gc1-height  gc1-width  gc1-ar  gc1-surface-area  gc1-volume  
0.000000    9.37899971    0.90799999   29.89900017   20.68400002    6.67685686    9.88799953    9.88800001    0.99999995  800.04970134  1496.04463650           nan           nan           nan           nan           nan 
0.100000    9.38414486    0.99627152   29.91149269   20.79669341    7.13613435    9.89125544    9.90021095    0.99909542  803.05115581  1505.30156564           nan           nan           nan           nan           nan 
0.200000    9.38879609    1.08272359   29.92626308   20.90311338    7.59893753    9.89659841    9.91019490    0.99862803  806.04851961  1514.45652337           nan           nan           nan           nan           nan 
0.300000    9.39330744    1.16449711   29.94294853   21.00308505    8.04695008    9.90295248    9.91929397    0.99835256  809.00759417  1523.51884552           nan           nan           nan           nan           nan 
0.400000    9.39784292    1.24013612   29.96113239   21.09639269    8.46961272    9.90983377    9.92812829    0.99815730  811.90352968  1532.33335984           nan           nan           nan           nan           nan 
0.500000    9.40243299    1.30910617   29.98037286   21.18303302    8.86170827    9.91702988    9.93696342    0.99799400  814.71092539  1540.98250608           nan           nan           nan           nan           nan 
0.600000    9.40703025    1.37144971   30.00025002   21.26323044    9.22156286    9.92445372    9.94589037    0.99784467  817.43849444  1549.30889437           nan           nan           nan           nan           nan 
0.700000    9.41155542    1.42753303   30.02040128   21.33736831    9.54966262    9.93207394    9.95491764    0.99770528  820.07488331  1557.37484541           nan           nan           nan           nan           nan 
0.800000    9.41592688    1.47787589   30.04053478   21.40591508    9.84768229    9.93988093    9.96401960    0.99757742  822.61858338  1565.17923091           nan           nan           nan           nan           nan 
0.900000    9.42007593    1.52304584   30.06042887   21.46936578   10.11785158    9.94787138    9.97315997    0.99746433  825.06969078  1572.71896465           nan           nan           nan           nan           nan 
1.000000    9.42395215    1.56359899   30.07992379   21.52820492   10.36257377    9.95604173    9.98230296    0.99736922  827.42218149  1580.02011623           nan           nan           nan           nan           nan 
1.100000    9.42752302    1.60005069   30.09891000   21.58288640   10.58421428    9.96438599    9.99141786    0.99729449  829.70455142  1587.06664966           nan           nan           nan           nan           nan 
1.200000    9.43077108    1.63286400   30.11731705   21.63382399   10.78499454    9.97289540   10.00048000    0.99724167  831.90074967  1593.89063652           nan           nan           nan           nan           nan 
1.300000    9.43369051    1.66244787   30.13510375   21.68138921   10.96694549    9.98155896   10.00947067    0.99721147  834.01044881  1600.53243775           nan           nan           nan           nan           nan 
1.400000    9.43628393    1.68915999   30.15225041   21.72591257   11.13189679    9.99036409   10.01837629    0.99720392  836.05963428  1606.95012174           nan           nan           nan           nan           nan 
1.500000    9.43855991    1.71331167   30.16875187   21.76768637   11.28148195    9.99929729   10.02718735    0.99721856  838.03540494  1613.19761671           nan           nan           nan           nan           nan 
1.600000    9.44053077    1.73517352   30.18461365   21.80696893   11.41715360   10.00834467   10.03589770    0.99725455  839.95463167  1619.26083364           nan           nan           nan           nan           nan 
1.700000    9.44221109    1.75498092   30.19984859   21.84398830   11.54020152   10.01749240   10.04450369    0.99731084  841.80376316  1625.18899065           nan           nan           nan           nan           nan 
1.800000    9.44361667    1.77293909   30.21447450   21.87894583   11.65177074   10.02672701   10.05300337    0.99738622  843.60902288  1630.93696031           nan           nan           nan           nan           nan 
1.900000    9.44476371    1.78922719   30.22851202   21.91201973   11.75287920   10.03603555   10.06139627    0.99747940  845.36202766  1636.54187589           nan           nan           nan           nan           nan 
2.000000    9.44566840    1.80400234   30.24198380   21.94336843   11.84443309   10.04540578   10.06968305    0.99758907  847.06573008  1642.01175458           nan           nan           nan           nan           nan 
2.100000    9.44634659    1.81740260   30.25491273   21.97313237   11.92724109   10.05482607   10.07786489    0.99771392  848.71849146  1647.36018517           nan           nan           nan           nan           nan 
2.200000    9.44681352    1.82955003   30.26732203   22.00143707   12.00202687   10.06428564   10.08594352    0.99785267  850.33150528  1652.58122423           nan           nan           nan           nan           nan 
2.300000    9.44708371    1.84055257   30.27923489   22.02839482   12.06943977   10.07377446   10.09392112    0.99800408  851.89952300  1657.67716244           nan           nan           nan           nan           nan 
2.400000    9.44717087    1.85050631   30.29067397   22.05410624   12.13006400   10.08328322   10.10179996    0.99816699  853.43097757  1662.67366002           nan           nan           nan           nan           nan 
2.500000    9.44708792    1.85949695   30.30166128   22.07866180   12.18442664   10.09280336   10.10958242    0.99834028  854.92462571  1667.56574440           nan           nan           nan           nan           nan 
2.600000    9.44684704    1.86760122   30.31221780   22.10214317   12.23300443   10.10232700   10.11727098    0.99852292  856.38224960  1672.35808202           nan           nan           nan           nan           nan 
2.700000    9.44645959    1.87488812   30.32236382   22.12462425   12.27622992   10.11184688   10.12486807    0.99871394  857.80549597  1677.05496598           nan           nan           nan           nan           nan 
2.800000    9.44593620    1.88141972   30.33211869   22.14617217   12.31449636   10.12135637   10.13237622    0.99891241  859.19380844  1681.66836629           nan           nan           nan           nan           nan 
2.900000    9.44528679    1.88725227   30.34150082   22.16684771   12.34816246   10.13084939   10.13979772    0.99911750  860.54907645  1686.19087553           nan           nan           nan           nan           nan 
3.000000    9.44452063    1.89243662   30.35052770   22.18670642   12.37755563   10.14032042   10.14713490    0.99932843  861.88013376  1690.64119589           nan           nan           nan           nan           nan 
3.100000    9.44364636    1.89701921   30.35921606   22.20579922   12.40297627   10.14976439   10.15439001    0.99954447  863.18041052  1694.99678380           nan           nan           nan           nan           nan 
3.200000    9.44267203    1.90104222   30.36758164   22.22417247   12.42469954   10.15917674   10.16156512    0.99976496  864.45140134  1699.27589387           nan           nan           nan           nan           nan 
3.300000    9.44160518    1.90454423   30.37563944   22.24186885   12.44297898   10.16855320   10.16866231    0.99998927  865.69691894  1703.47431488           nan           nan           nan           nan           nan 
3.400000    9.44045282    1.90756071   30.38340381   22.25892770   12.45804782   10.17789009   10.17568350    1.00021685  866.91678994  1707.59981849           nan           nan           nan           nan           nan 
3.500000    9.43922146    1.91012406   30.39088833   22.27538502   12.47012185   10.18718392   10.18263048    1.00044718  868.11488358  1711.67721745           nan           nan           nan           nan           nan 
3.600000    9.43791726    1.91226411   30.39810571   22.29127455   12.47940006   10.19643155   10.18950522    1.00067975  869.28845992  1715.67581514           nan           nan           nan           nan           nan 
3.700000    9.43654596    1.91400862   30.40506786   22.30662692   12.48606707   10.20563021   10.19630915    1.00091416  870.43738648  1719.60182409           nan           nan           nan           nan           nan 
3.800000    9.43511294    1.91538286   30.41178620   22.32147086   12.49029387   10.21477738   10.20304400    1.00114999  871.56362722  1723.45861509           nan           nan           nan           nan           nan 
3.900000    9.43362322    1.91641045   30.41827148   22.33583307   12.49223953   10.22387075   10.20971131    1.00138686  872.66845881  1727.25336962           nan           nan           nan           nan           nan 
4.000000    9.43208146    1.91711330   30.42453414   22.34973812   12.49205179   10.23290828   10.21631241    1.00162445  873.75259483  1730.98792132           nan           nan           nan           nan           nan 
4.100000    9.43049207    1.91751170   30.43058383   22.36320925   12.48986868   10.24188820   10.22284877    1.00186244  874.81671361  1734.66401611           nan           nan           nan           nan           nan 
4.200000    9.42885914    1.91762447   30.43642992   22.37626791   12.48581852   10.25080889   10.22932172    1.00210055  875.86145978  1738.28331631           nan           nan           nan           nan           nan 
4.300000    9.42718654    1.91746938   30.44208115   22.38893402   12.48002106   10.25966889   10.23573232    1.00233853  876.88744490  1741.84739709           nan           nan           nan           nan           nan 
4.400000    9.42547785    1.91706264   30.44754589   22.40122652   12.47258851   10.26846698   10.24208194    1.00257614  877.89416127  1745.34688954           nan           nan           nan           nan           nan 
4.500000    9.42373647    1.91641974   30.45283216   22.41316295   12.46362564   10.27720204   10.24837160    1.00281317  878.88435266  1748.80501048           nan           nan           nan           nan           nan 
4.600000    9.42196554    1.91555488   30.45794749   22.42475986   12.45323056   10.28587314   10.25460249    1.00304943  879.85745607  1752.21224687           nan           nan           nan           nan           nan 
4.700000    9.42016803    1.91448164   30.46289915   22.43603253   12.44149525   10.29447946   10.26077545    1.00328474  880.81462848  1755.57637923           nan           nan           nan           nan           nan 
4.800000    9.41834672    1.91321242   30.46769398   22.44699562   12.42850580   10.30302030   10.26689160    1.00351895  881.75505611  1758.88575164           nan           nan           nan           nan           nan 
4.900000    9.41650423    1.91175926   30.47233844   22.45766282   12.41434332   10.31149510   10.27295178    1.00375192  882.67985458  1762.14804481           nan           nan           nan           nan           nan 
5.000000    9.41464299    1.91013300   30.47683883   22.46804702   12.39908368   10.31990337   10.27895701    1.00398351  883.58947010  1765.36442809           nan           nan           nan           nan           nan 


# dataset 1: optimisation metric
# 1  2  3  4  5  6  7  8  9  
t  metric  metric_raw  dp  pc-gc0-width  pc-pore-length  pc-pore-width  pc-stoma-length  best  
0.000000    5.77934691    0.77934691    5.00000000   -0.05096458   -0.00000003   -0.54048583    0.00248115  no 
0.100000    5.58671838    0.68671839    4.90000000   -0.04979260    0.00054855   -0.49581401    0.00290001  no 
0.200000    5.40368510    0.60368510    4.80000000   -0.04883435    0.00104447   -0.45206296    0.00339524  no 
0.300000    5.23108136    0.53108137    4.69999999   -0.04796104    0.00152548   -0.41067960    0.00395469  no 
0.400000    5.06837287    0.46837287    4.59999999   -0.04711313    0.00200905   -0.37240075    0.00456437  no 
0.500000    4.91448607    0.41448607    4.50000000   -0.04626515    0.00249845   -0.33749688    0.00520948  no 
0.600000    4.76820975    0.36820977    4.39999998   -0.04540835    0.00298862   -0.30594650    0.00587594  no 
0.700000    4.62838728    0.32838727    4.30000001   -0.04454193    0.00347110   -0.27756426    0.00655159  no 
0.800000    4.49399498    0.29399499    4.19999999   -0.04366834    0.00393719   -0.25208710    0.00722665  no 
0.900000    4.36416312    0.26416309    4.10000002   -0.04279106    0.00437956   -0.22922781    0.00789368  no 
1.000000    4.23816825    0.23816825    4.00000000   -0.04191353    0.00479285   -0.20870496    0.00854732  no 
1.100000    4.11541534    0.21541536    3.89999998   -0.04103869    0.00517358   -0.19025775    0.00918391  no 
1.200000    3.99541658    0.19541662    3.79999995   -0.04016892    0.00551989   -0.17365182    0.00980107  no 
1.300000    3.87777204    0.17777199    3.70000005   -0.03930601    0.00583117   -0.15868023    0.01039744  no 
1.400000    3.76215239    0.16215237    3.60000002   -0.03845126    0.00610768   -0.14516195    0.01097235  no 
1.500000    3.64828576    0.14828576    3.50000000   -0.03760559    0.00635035   -0.13293944    0.01152563  no 
1.600000    3.53594601    0.13594603    3.39999998   -0.03676958    0.00656048   -0.12187575    0.01205746  no 
1.700000    3.42494386    0.12494390    3.29999995   -0.03594359    0.00673964   -0.11185176    0.01256827  no 
1.800000    3.31511986    0.11511981    3.20000005   -0.03512781    0.00688950   -0.10276362    0.01305866  no 
1.900000    3.20633839    0.10633837    3.10000002   -0.03432227    0.00701180   -0.09452065    0.01352932  no 
2.000000    3.09848377    0.09848377    3.00000000   -0.03352692    0.00710826   -0.08704335    0.01398102  no 
2.100000    2.99145641    0.09145632    2.90000010   -0.03274164    0.00718057   -0.08026184    0.01441451  no 
2.200000    2.88516933    0.08516938    2.79999995   -0.03196626    0.00723036   -0.07411436    0.01483058  no 
2.300000    2.77954735    0.07954730    2.70000005   -0.03120058    0.00725917   -0.06854627    0.01523000  no 
2.400000    2.67452331    0.07452340    2.59999990   -0.03044438    0.00726846   -0.06350895    0.01561354  no 
2.500000    2.57003860    0.07003860    2.50000000   -0.02969744    0.00725961   -0.05895903    0.01598194  no 
2.600000    2.46604032    0.06604022    2.40000010   -0.02895950    0.00723393   -0.05485768    0.01633589  no 
2.700000    2.36248095    0.06248100    2.29999995   -0.02823034    0.00719262   -0.05116998    0.01667607  no 
2.800000    2.25931853    0.05931848    2.20000005   -0.02750972    0.00713682   -0.04786452    0.01700314  no 
2.900000    2.15651421    0.05651430    2.09999990   -0.02679742    0.00706758   -0.04491282    0.01731771  no 
3.000000    2.05403392    0.05403392    2.00000000   -0.02609320    0.00698589   -0.04228916    0.01762038  no 
3.100000    1.95184620    0.05184611    1.90000010   -0.02539687    0.00689267   -0.03997004    0.01791169  no 
3.200000    1.84992277    0.04992282    1.79999995   -0.02470821    0.00678879   -0.03793410    0.01819218  no 
3.300000    1.74823902    0.04823897    1.70000005   -0.02402704    0.00667504   -0.03616182    0.01846234  no 
3.400000    1.64677206    0.04677216    1.59999990   -0.02335315    0.00655217   -0.03463527    0.01872268  no 
3.500000    1.54550264    0.04550264    1.50000000   -0.02268639    0.00642088   -0.03333802    0.01897362  no 
3.600000    1.44441320    0.04441311    1.40000010   -0.02202656    0.00628183   -0.03225501    0.01921561  no 
3.700000    1.34348838    0.04348843    1.29999995   -0.02137353    0.00613562   -0.03137216    0.01944905  no 
3.800000    1.24271577    0.04271572    1.20000005   -0.02072713    0.00598283   -0.03067669    0.01967431  no 
3.900000    1.14208382    0.04208392    1.09999990   -0.02008721    0.00582399   -0.03015666    0.01989175  no 
4.000000    1.04158367    0.04158367    1.00000000   -0.01945365    0.00565961   -0.02980096    0.02010173  no 
4.100000    0.94120726    0.04120717    0.90000010   -0.01882630    0.00549014   -0.02959934    0.02030457  no 
4.200000    0.84094812    0.04094793    0.80000019   -0.01820504    0.00531604   -0.02954227    0.02050058  no 
4.300000    0.74080033    0.04080052    0.69999981   -0.01758976    0.00513771   -0.02962076    0.02069006  no 
4.400000    0.64076040    0.04076049    0.59999990   -0.01698033    0.00495552   -0.02982660    0.02087329  no 
4.500000    0.54082404    0.04082404    0.50000000   -0.01637666    0.00476985   -0.03015195    0.02105053  no 
4.600000    0.44098809    0.04098800    0.40000010   -0.01577863    0.00458104   -0.03058964    0.02122205  no 
4.700000    0.34124966    0.04124946    0.30000019   -0.01518616    0.00438938   -0.03113277    0.02138807  no 
4.800000    0.24160576    0.04160595    0.19999981   -0.01459914    0.00419519   -0.03177509    0.02154883  no 
4.900000    0.14205484    0.04205494    0.09999990   -0.01401749    0.00399874   -0.03251050    0.02170456  no 
5.000000    0.04259417    0.04259417    0.00000000   -0.01344112    0.00380030   -0.03333350    0.02185545  BEST-STATE 
