#
# State information.
#
#


# dataset 0: For the stoma (column numbers are in brackets)
# 1  2  3  4  5  6  7  8  9  10  11  12  13  14  15  16  
t  pore-length  pore-width  stoma-length  stoma-width  pore-area  gc0-height  gc0-width  gc0-ar  gc0-surface-area  gc0-volume  gc1-height  gc1-width  gc1-ar  gc1-surface-area  gc1-volume  
0.000000    9.37899971    0.90799999   29.89900017   20.68400002    6.67685686    9.88799953    9.88800001    0.99999995  800.04970134  1496.04463650           nan           nan           nan           nan           nan 
0.100000    9.38527326    1.00591019   29.91301209   20.80829386    7.18784420    9.89018111    9.90119184    0.99888794  803.29700596  1506.01116324           nan           nan           nan           nan           nan 
0.200000    9.39098351    1.10144059   29.92971642   20.92493774    7.70192134    9.89485801    9.91174857    0.99829590  806.53414598  1515.85353875           nan           nan           nan           nan           nan 
0.300000    9.39656194    1.19114730   29.94863309   21.03378949    8.19676768    9.90069816    9.92132109    0.99792135  809.71505638  1525.52618380           nan           nan           nan           nan           nan 
0.400000    9.40218455    1.27342248   29.96921898   21.13468215    8.66028816    9.90713375    9.93062983    0.99763398  812.82461507  1534.95029503           nan           nan           nan           nan           nan 
0.500000    9.40785844    1.34781006   29.99091531   21.22773165    9.08714948    9.91393078    9.93996079    0.99738128  815.81906222  1544.10235704           nan           nan           nan           nan           nan 
0.600000    9.41350308    1.41452879   30.01321074   21.31332439    9.47625706    9.92100114    9.94939780    0.99714589  818.72290198  1552.92467125           nan           nan           nan           nan           nan 
0.700000    9.41901157    1.47414082   30.03568190   21.39201403    9.82891439    9.92831666    9.95893660    0.99692538  821.51849358  1561.43710705           nan           nan           nan           nan           nan 
0.800000    9.42428558    1.52734309   30.05800310   21.46442407   10.14761114    9.93586989    9.96854049    0.99672263  824.20404776  1569.63481166           nan           nan           nan           nan           nan 
0.900000    9.42924970    1.57484978   30.07993832   21.53118193   10.43529407    9.94365741    9.97816607    0.99654158  826.77732757  1577.55082415           nan           nan           nan           nan           nan 
1.000000    9.43385405    1.61733204   30.10132623   21.59287965   10.69495875    9.95167367    9.98777381    0.99638557  829.26433257  1585.16824123           nan           nan           nan           nan           nan 
1.100000    9.43807102    1.65539378   30.12206340   21.65005678   10.92944525    9.95990955    9.99733150    0.99625681  831.64066907  1592.55269926           nan           nan           nan           nan           nan 
1.200000    9.44189026    1.68956500   30.14208910   21.70319462   11.14134958    9.96835256   10.00681481    0.99615639  833.93944092  1599.66559210           nan           nan           nan           nan           nan 
1.300000    9.44531383    1.72030538   30.16137338   21.75271773   11.33299810    9.97698783   10.01620618    0.99608451  836.14919926  1606.56563466           nan           nan           nan           nan           nan 
1.400000    9.44835209    1.74801117   30.17990768   21.79899836   11.50645284    9.98579905   10.02549359    0.99604064  838.27693194  1613.27105672           nan           nan           nan           nan           nan 
1.500000    9.45102069    1.77302307   30.19769818   21.84236193   11.66353208    9.99476924   10.03466943    0.99602377  840.34459091  1619.75169137           nan           nan           nan           nan           nan 
1.600000    9.45333831    1.79563463   30.21476060   21.88309276   11.80583571   10.00388136   10.04372907    0.99603258  842.34272350  1626.03871337           nan           nan           nan           nan           nan 
1.700000    9.45532509    1.81609881   30.23111713   21.92144012   11.93477207   10.01311877   10.05267066    0.99606553  844.27665993  1632.17263005           nan           nan           nan           nan           nan 
1.800000    9.45700158    1.83463484   30.24679384   21.95762229   12.05158272   10.02246550   10.06149372    0.99612103  846.15630183  1638.14091180           nan           nan           nan           nan           nan 
1.900000    9.45838825    1.85143292   30.26181805   21.99183142   12.15736387   10.03190635   10.07019925    0.99619740  847.98046031  1643.96042090           nan           nan           nan           nan           nan 
2.000000    9.45950492    1.86665899   30.27621788   22.02423704   12.25308662   10.04142706   10.07878903    0.99629301  849.75167729  1649.63234688           nan           nan           nan           nan           nan 
2.100000    9.46037042    1.88045847   30.29002193   22.05498910   12.33961424   10.05101430   10.08726531    0.99640626  851.47189755  1655.18211512           nan           nan           nan           nan           nan 
2.200000    9.46100258    1.89295924   30.30325830   22.08422101   12.41771617   10.06065577   10.09563088    0.99653562  853.14915760  1660.60243691           nan           nan           nan           nan           nan 
2.300000    9.46141812    1.90427428   30.31595439   22.11205149   12.48808060   10.07034004   10.10388860    0.99667964  854.78324076  1665.90267631           nan           nan           nan           nan           nan 
2.400000    9.46163265    1.91450381   30.32813665   22.13858664   12.55132506   10.08005661   10.11204141    0.99683696  856.37438211  1671.09654361           nan           nan           nan           nan           nan 
2.500000    9.46166080    1.92373693   30.33983013   22.16392183   12.60800521   10.08979581   10.12009245    0.99700629  857.92692545  1676.17547393           nan           nan           nan           nan           nan 
2.600000    9.46151621    1.93205345   30.35105839   22.18814278   12.65862238   10.09954874   10.12804466    0.99718643  859.44282777  1681.15321272           nan           nan           nan           nan           nan 
2.700000    9.46121150    1.93952477   30.36184421   22.21132672   12.70363114   10.10930727   10.13590097    0.99737629  860.92130431  1686.03193545           nan           nan           nan           nan           nan 
2.800000    9.46075838    1.94621515   30.37220913   22.23354387   12.74344369   10.11906397   10.14366436    0.99757480  862.36757289  1690.81942200           nan           nan           nan           nan           nan 
2.900000    9.46016775    1.95218277   30.38217360   22.25485754   12.77843589   10.12881203   10.15133739    0.99778105  863.78135607  1695.51147321           nan           nan           nan           nan           nan 
3.000000    9.45944975    1.95748031   30.39175689   22.27532589   12.80895053   10.13854522   10.15892279    0.99799412  865.16343426  1700.11816844           nan           nan           nan           nan           nan 
3.100000    9.45861375    1.96215558   30.40097731   22.29500163   12.83530128   10.14825791   10.16642302    0.99821322  866.51557042  1704.64130669           nan           nan           nan           nan           nan 
3.200000    9.45766851    1.96625209   30.40985215   22.31393301   12.85777605   10.15794489   10.17384046    0.99843760  867.83762750  1709.07717182           nan           nan           nan           nan           nan 
3.300000    9.45662219    1.96980953   30.41839755   22.33216441   12.87663920   10.16760147   10.18117744    0.99866656  869.13605182  1713.46340405           nan           nan           nan           nan           nan 
3.400000    9.45548241    1.97286451   30.42662895   22.34973645   12.89213430   10.17722332   10.18843597    0.99889947  870.40272674  1717.76221103           nan           nan           nan           nan           nan 
3.500000    9.45425621    1.97545040   30.43456089   22.36668682   12.90448628   10.18680665   10.19561821    0.99913575  871.64634492  1721.97974089           nan           nan           nan           nan           nan 
3.600000    9.45295017    1.97759795   30.44220716   22.38304985   12.91390301   10.19634783   10.20272595    0.99937486  872.86530422  1726.12715424           nan           nan           nan           nan           nan 
3.700000    9.45157047    1.97933567   30.44958085   22.39885783   12.92057683   10.20584375   10.20976108    0.99961631  874.06047692  1730.20666834           nan           nan           nan           nan           nan 
3.800000    9.45012283    1.98068964   30.45669430   22.41414011   12.92468641   10.21529144   10.21672523    0.99985966  875.23633163  1734.25022598           nan           nan           nan           nan           nan 
3.900000    9.44861262    1.98168409   30.46355927   22.42892444   12.92639782   10.22468832   10.22362018    1.00010448  876.38634722  1738.20004195           nan           nan           nan           nan           nan 
4.000000    9.44704479    1.98234177   30.47018713   22.44323623   12.92586532   10.23403209   10.23044723    1.00035041  877.51531747  1742.08291711           nan           nan           nan           nan           nan 
4.100000    9.44542412    1.98268342   30.47658801   22.45709932   12.92323269   10.24332058   10.23720795    1.00059710  878.62313817  1745.91059779           nan           nan           nan           nan           nan 
4.200000    9.44375499    1.98272848   30.48277193   22.47053599   12.91863397   10.25255191   10.24390376    1.00084422  879.71087338  1749.67978577           nan           nan           nan           nan           nan 
4.300000    9.44204155    1.98249507   30.48874807   22.48356688   12.91219429   10.26172438   10.25053591    1.00109150  880.77980984  1753.39861462           nan           nan           nan           nan           nan 
4.400000    9.44028770    1.98200011   30.49452543   22.49621153   12.90403072   10.27083650   10.25710571    1.00133866  881.82923640  1757.05557630           nan           nan           nan           nan           nan 
4.500000    9.43849704    1.98125935   30.50011247   22.50848782   12.89425270   10.27988693   10.26361424    1.00158547  882.86038261  1760.65865959           nan           nan           nan           nan           nan 
4.600000    9.43667295    1.98028767   30.50551730   22.52041304   12.88296297   10.28887451   10.27006269    1.00183171  883.87379537  1764.20926935           nan           nan           nan           nan           nan 
4.700000    9.43481865    1.97909892   30.51074755   22.53200305   12.87025779   10.29779819   10.27645206    1.00207719  884.86999723  1767.70874636           nan           nan           nan           nan           nan 
4.800000    9.43293713    1.97770596   30.51581055   22.54327273   12.85622716   10.30665711   10.28278339    1.00232172  885.84948765  1771.15837888           nan           nan           nan           nan           nan 
4.900000    9.43103118    1.97612107   30.52071315   22.55423641   12.84095608   10.31545049   10.28905767    1.00256513  886.81546967  1774.57035287           nan           nan           nan           nan           nan 
5.000000    9.42910346    1.97435570   30.52546209   22.56490743   12.82452410   10.32417768   10.29527587    1.00280729  887.76295316  1777.92396265           nan           nan           nan           nan           nan 


# dataset 1: optimisation metric
# 1  2  3  4  5  6  7  8  9  
t  metric  metric_raw  dp  pc-gc0-width  pc-pore-length  pc-pore-width  pc-stoma-length  best  
0.000000    5.77934691    0.77934691    5.00000000   -0.05096458   -0.00000003   -0.54048583    0.00248115  no 
0.100000    5.57711014    0.67711014    4.90000000   -0.04969845    0.00066886   -0.49093614    0.00295095  no 
0.200000    5.38659471    0.58659471    4.80000000   -0.04868523    0.00127770   -0.44259079    0.00351103  no 
0.300000    5.20853886    0.50853887    4.69999999   -0.04776648    0.00187247   -0.39719266    0.00414528  no 
0.400000    5.04201463    0.44201463    4.59999999   -0.04687304    0.00247196   -0.35555543    0.00483551  no 
0.500000    4.88553002    0.38553002    4.50000000   -0.04597746    0.00307692   -0.31790989    0.00556296  no 
0.600000    4.73752315    0.33752318    4.39999998   -0.04507171    0.00367876   -0.28414535    0.00631050  no 
0.700000    4.59657334    0.29657333    4.30000001   -0.04415620    0.00426608   -0.25397732    0.00706394  no 
0.800000    4.46146989    0.26146990    4.19999999   -0.04323443    0.00482840   -0.22705309    0.00781234  no 
0.900000    4.33121478    0.23121476    4.10000002   -0.04231058    0.00535768   -0.20301124    0.00854781  no 
1.000000    4.20499883    0.20499883    4.00000000   -0.04138844    0.00584860   -0.18151212    0.00926492  no 
1.100000    4.08217031    0.18217034    3.89999998   -0.04047111    0.00629822   -0.16225011    0.00996021  no 
1.200000    3.96220498    0.16220503    3.79999995   -0.03956092    0.00670543   -0.14495698    0.01063165  no 
1.300000    3.84468002    0.14467997    3.70000005   -0.03865955    0.00707046   -0.12940011    0.01127824  no 
1.400000    3.72925254    0.12925251    3.60000002   -0.03776816    0.00739440   -0.11537896    0.01189967  no 
1.500000    3.61564366    0.11564366    3.50000000   -0.03688747    0.00767893   -0.10272112    0.01249617  no 
1.600000    3.50362470    0.10362473    3.39999998   -0.03601794    0.00792604   -0.09127802    0.01306825  no 
1.700000    3.39300734    0.09300738    3.29999995   -0.03515974    0.00813787   -0.08092166    0.01361667  no 
1.800000    3.28363532    0.08363527    3.20000005   -0.03431292    0.00831662   -0.07154107    0.01414229  no 
1.900000    3.17537786    0.07537784    3.10000002   -0.03347737    0.00846447   -0.06304002    0.01464604  no 
2.000000    3.06812494    0.06812494    3.00000000   -0.03265294    0.00858353   -0.05533452    0.01512885  no 
2.100000    2.96178256    0.06178246    2.90000010   -0.03183940    0.00867581   -0.04835097    0.01559168  no 
2.200000    2.85626854    0.05626858    2.79999995   -0.03103648    0.00874321   -0.04202468    0.01603548  no 
2.300000    2.75151042    0.05151038    2.70000005   -0.03024392    0.00878752   -0.03629844    0.01646117  no 
2.400000    2.64744078    0.04744088    2.59999990   -0.02946142    0.00881039   -0.03112155    0.01686963  no 
2.500000    2.54399657    0.04399657    2.50000000   -0.02868870    0.00881339   -0.02644892    0.01726170  no 
2.600000    2.44111540    0.04111530    2.40000010   -0.02792546    0.00879798   -0.02224016    0.01763817  no 
2.700000    2.33873517    0.03873522    2.29999995   -0.02717142    0.00876549   -0.01845912    0.01799981  no 
2.800000    2.23679437    0.03679432    2.20000005   -0.02642630    0.00871717   -0.01507330    0.01834733  no 
2.900000    2.13523088    0.03523097    2.09999990   -0.02568986    0.00865420   -0.01205325    0.01868143  no 
3.000000    2.03398515    0.03398515    2.00000000   -0.02496182    0.00857765   -0.00937231    0.01900275  no 
3.100000    1.93300005    0.03299995    1.90000010   -0.02424196    0.00848851   -0.00700629    0.01931190  no 
3.200000    1.83222303    0.03222307    1.79999995   -0.02353004    0.00838773   -0.00493315    0.01960946  no 
3.300000    1.73160795    0.03160790    1.70000005   -0.02282585    0.00827617   -0.00313283    0.01989598  no 
3.400000    1.63111410    0.03111420    1.59999990   -0.02212919    0.00815464   -0.00158679    0.02017197  no 
3.500000    1.53070824    0.03070824    1.50000000   -0.02143985    0.00802391   -0.00027814    0.02043792  no 
3.600000    1.43036272    0.03036262    1.40000010   -0.02075766    0.00788465    0.00080868    0.02069429  no 
3.700000    1.33005568    0.03005572    1.29999995   -0.02008244    0.00773755    0.00168809    0.02094152  no 
3.800000    1.22977115    0.02977111    1.20000005   -0.01941403    0.00758320    0.00237330    0.02118003  no 
3.900000    1.12949671    0.02949681    1.09999990   -0.01875226    0.00742218    0.00287656    0.02141020  no 
4.000000    1.02922477    0.02922477    1.00000000   -0.01809701    0.00725502    0.00320940    0.02163243  no 
4.100000    0.92895026    0.02895017    0.90000010   -0.01744813    0.00708222    0.00338230    0.02184704  no 
4.200000    0.82867113    0.02867094    0.80000019   -0.01680547    0.00690425    0.00340510    0.02205438  no 
4.300000    0.72838720    0.02838739    0.69999981   -0.01616893    0.00672156    0.00328698    0.02225476  no 
4.400000    0.62810171    0.02810181    0.59999990   -0.01553837    0.00653457    0.00303649    0.02244846  no 
4.500000    0.52781818    0.02781818    0.50000000   -0.01491369    0.00634364    0.00266161    0.02263579  no 
4.600000    0.42754206    0.02754197    0.40000010   -0.01429478    0.00614916    0.00216987    0.02281701  no 
4.700000    0.32728002    0.02727983    0.30000019   -0.01368154    0.00595145    0.00156828    0.02299237  no 
4.800000    0.22703926    0.02703945    0.19999981   -0.01307387    0.00575084    0.00086334    0.02316213  no 
4.900000    0.12682926    0.02682935    0.09999990   -0.01247167    0.00554763    0.00006127    0.02332651  no 
5.000000    0.02665864    0.02665864    0.00000000   -0.01187486    0.00534209   -0.00083214    0.02348574  BEST-STATE 
