#
# State information.
#
#


# dataset 0: For the stoma (column numbers are in brackets)
# 1  2  3  4  5  6  7  8  9  10  11  12  13  14  15  16  
t  pore-length  pore-width  stoma-length  stoma-width  pore-area  gc0-height  gc0-width  gc0-ar  gc0-surface-area  gc0-volume  gc1-height  gc1-width  gc1-ar  gc1-surface-area  gc1-volume  
0.000000   10.58399963    0.94599998   29.64500046   20.94799995    7.84951630   10.00100040   10.00099999    1.00000004  784.96007682  1476.79939624           nan           nan           nan           nan           nan 
0.100000   10.59362655    1.05635641   29.65794660   21.08654881    8.48373935   10.00427888   10.01509620    0.99891990  788.44469025  1487.41505873           nan           nan           nan           nan           nan 
0.200000   10.60251897    1.16441183   29.67421943   21.21621409    9.13008941   10.01068501   10.02590113    0.99848232  791.91809811  1497.94436154           nan           nan           nan           nan           nan 
0.300000   10.61119329    1.26573530   29.69314246   21.33700982    9.75481285   10.01838421   10.03563726    0.99828082  795.34803359  1508.22222727           nan           nan           nan           nan           nan 
0.400000   10.61983630    1.35838506   29.71401346   21.44877267   10.34034125   10.02665001   10.04519381    0.99815396  798.69440187  1518.25063349           nan           nan           nan           nan           nan 
0.500000   10.62843727    1.44184864   29.73614913   21.55163449   10.87897227   10.03520283   10.05489293    0.99804174  801.93178544  1527.94739017           nan           nan           nan           nan           nan 
0.600000   10.63689166    1.51641345   29.75894751   21.64603722   11.36896309   10.04394700   10.06481189    0.99792695  805.04813159  1537.29114099           nan           nan           nan           nan           nan 
0.700000   10.64507219    1.58276153   29.78192540   21.73261803   11.81189009   10.05285869   10.07492825    0.99780946  808.03926057  1546.27456077           nan           nan           nan           nan           nan 
0.800000   10.65286711    1.64172387   29.80472021   21.81209779   12.21096654   10.06193709   10.08518696    0.99769465  810.90528587  1554.92139083           nan           nan           nan           nan           nan 
0.900000   10.66019528    1.69414300   29.82707615   21.88520062   12.57003009   10.07118496   10.09552881    0.99758865  813.64580758  1563.26371531           nan           nan           nan           nan           nan 
1.000000   10.66700704    1.74080551   29.84882306   21.95260894   12.89299141   10.08060192   10.10590172    0.99749653  816.27845822  1571.25782753           nan           nan           nan           nan           nan 
1.100000   10.67327913    1.78241527   29.86985551   22.01494265   13.18355790   10.09018289   10.11626369    0.99742189  818.80776937  1578.98336808           nan           nan           nan           nan           nan 
1.200000   10.67900809    1.81958795   29.89011467   22.07275343   13.44511496   10.09991873   10.12658274    0.99736693  821.23924898  1586.44378684           nan           nan           nan           nan           nan 
1.300000   10.68420420    1.85285568   29.90957445   22.12652612   13.68069217   10.10979739   10.13683522    0.99733271  823.57894558  1593.65840193           nan           nan           nan           nan           nan 
1.400000   10.68888664    1.88267618   29.92823112   22.17668450   13.89297135   10.11980499   10.14700416    0.99731949  825.82720178  1600.66770215           nan           nan           nan           nan           nan 
1.500000   10.69307981    1.90944213   29.94609591   22.22359812   14.08431416   10.12992676   10.15707800    0.99732686  828.00108068  1607.43154275           nan           nan           nan           nan           nan 
1.600000   10.69681092    1.93349123   29.96318957   22.26758909   14.25679625   10.14014769   10.16704893    0.99735408  830.10217905  1614.01028544           nan           nan           nan           nan           nan 
1.700000   10.70010819    1.95511436   29.97953877   22.30893862   14.41224232   10.15045302   10.17691213    0.99740008  832.13509477  1620.41213814           nan           nan           nan           nan           nan 
1.800000   10.70299973    1.97456312   29.99517351   22.34789264   14.55225903   10.16082852   10.18666476    0.99746372  834.10290925  1626.63594876           nan           nan           nan           nan           nan 
1.900000   10.70551291    1.99205554   30.01012543   22.38466728   14.67826446   10.17126071   10.19630587    0.99754370  836.01038455  1632.69909817           nan           nan           nan           nan           nan 
2.000000   10.70767387    2.00778210   30.02442664   22.41945267   14.79151372   10.18173693   10.20583528    0.99763877  837.85813871  1638.59199324           nan           nan           nan           nan           nan 
2.100000   10.70950735    2.02190924   30.03810883   22.45241690   14.89312125   10.19224538   10.21525383    0.99774764  839.65569159  1644.36184752           nan           nan           nan           nan           nan 
2.200000   10.71103658    2.03458321   30.05120289   22.48370898   14.98407939   10.20277515   10.22456288    0.99786908  841.40181971  1650.00279693           nan           nan           nan           nan           nan 
2.300000   10.71228319    2.04593349   30.06373876   22.51346147   15.06527555   10.21331617   10.23376399    0.99800193  843.09380578  1655.53186783           nan           nan           nan           nan           nan 
2.400000   10.71326742    2.05607438   30.07574490   22.54179263   15.13750505   10.22385925   10.24285913    0.99814506  844.74717502  1660.90390976           nan           nan           nan           nan           nan 
2.500000   10.71400799    2.06510794   30.08724844   22.56880879   15.20148312   10.23439591   10.25185043    0.99829743  846.35947948  1666.17606967           nan           nan           nan           nan           nan 
2.600000   10.71452226    2.07312512   30.09827545   22.59460509   15.25785542   10.24491847   10.26073998    0.99845805  847.93127818  1671.33858673           nan           nan           nan           nan           nan 
2.700000   10.71482645    2.08020747   30.10885000   22.61926758   15.30720588   10.25541988   10.26953006    0.99862602  849.46456402  1676.40706083           nan           nan           nan           nan           nan 
2.800000   10.71493554    2.08642840   30.11899501   22.64287388   15.35006425   10.26589376   10.27822274    0.99880048  850.95998784  1681.35292983           nan           nan           nan           nan           nan 
2.900000   10.71486348    2.09185421   30.12873209   22.66549456   15.38691272   10.27633426   10.28682017    0.99898065  852.42138422  1686.21447784           nan           nan           nan           nan           nan 
3.000000   10.71462311    2.09654462   30.13808179   22.68719375   15.41819115   10.28673616   10.29532456    0.99916580  853.84922542  1690.98383903           nan           nan           nan           nan           nan 
3.100000   10.71422651    2.10055435   30.14706314   22.70802975   15.44430139   10.29709467   10.30373770    0.99935528  855.24494179  1695.66458463           nan           nan           nan           nan           nan 
3.200000   10.71368484    2.10393262   30.15569425   22.72805607   15.46561205   10.30740550   10.31206173    0.99954847  856.60986480  1700.26003461           nan           nan           nan           nan           nan 
3.300000   10.71300848    2.10672462   30.16399217   22.74732172   15.48246137   10.31766474   10.32029855    0.99974479  857.94523662  1704.77327927           nan           nan           nan           nan           nan 
3.400000   10.71220711    2.10897195   30.17197293   22.76587164   15.49516102   10.32786888   10.32844985    0.99994375  859.25221952  1709.20721038           nan           nan           nan           nan           nan 
3.500000   10.71128973    2.11071229   30.17965186   22.78374696   15.50399782   10.33801481   10.33651733    1.00014487  860.53190183  1713.56453293           nan           nan           nan           nan           nan 
3.600000   10.71026479    2.11198068   30.18704313   22.80098617   15.50923717   10.34809971   10.34450275    1.00034772  861.78530624  1717.84778978           nan           nan           nan           nan           nan 
3.700000   10.70914012    2.11280906   30.19416034   22.81762421   15.51112424   10.35812107   10.35240757    1.00055190  863.01145181  1722.04083377           nan           nan           nan           nan           nan 
3.800000   10.70792308    2.11322713   30.20101625   22.83369386   15.50988631   10.36807662   10.36023337    1.00075705  864.21513471  1726.18301528           nan           nan           nan           nan           nan 
3.900000   10.70662052    2.11326206   30.20762289   22.84922528   15.50573442   10.37796444   10.36798161    1.00096285  865.39526390  1730.25790884           nan           nan           nan           nan           nan 
4.000000   10.70523889    2.11293948   30.21399170   22.86424661   15.49886444   10.38778272   10.37565356    1.00116900  866.55419568  1734.27740193           nan           nan           nan           nan           nan 
4.100000   10.70378420    2.11228275   30.22013342   22.87878394   15.48945874   10.39752993   10.38325059    1.00137523  867.68960082  1738.22366676           nan           nan           nan           nan           nan 
4.200000   10.70226208    2.11131370   30.22605842   22.89286172   15.47768723   10.40720478   10.39077401    1.00158128  868.80454211  1742.11588008           nan           nan           nan           nan           nan 
4.300000   10.70067783    2.11005270   30.23177618   22.90650260   15.46370818   10.41680607   10.39822495    1.00178695  869.89813390  1745.94079045           nan           nan           nan           nan           nan 
4.400000   10.69903641    2.10851860   30.23729604   22.91972780   15.44766943   10.42633280   10.40560460    1.00199202  870.97182156  1749.70753792           nan           nan           nan           nan           nan 
4.500000   10.69734247    2.10672903   30.24262667   22.93255723   15.42970920   10.43578419   10.41291410    1.00219632  872.02623072  1753.41769936           nan           nan           nan           nan           nan 
4.600000   10.69560038    2.10470057   30.24777633   22.94500947   15.40995671   10.44515947   10.42015445    1.00239968  873.06195722  1757.07277569           nan           nan           nan           nan           nan 
4.700000   10.69381425    2.10244858   30.25275278   22.95710182   15.38853284   10.45445812   10.42732662    1.00260196  874.07956980  1760.67420681           nan           nan           nan           nan           nan 
4.800000   10.69198792    2.09998739   30.25756359   22.96885109   15.36555089   10.46367967   10.43443185    1.00280301  875.07961211  1764.22337174           nan           nan           nan           nan           nan 
4.900000   10.69012502    2.09733057   30.26221579   22.98027229   15.34111685   10.47282377   10.44147086    1.00300273  876.06260346  1767.72159345           nan           nan           nan           nan           nan 
5.000000   10.68822895    2.09449077   30.26671612   22.99138021   15.31533056   10.48189020   10.44844472    1.00320100  877.02904169  1771.17014246           nan           nan           nan           nan           nan 


# dataset 1: optimisation metric
# 1  2  3  4  5  6  7  8  9  
t  metric  metric_raw  dp  pc-gc0-width  pc-pore-length  pc-pore-width  pc-stoma-length  best  
0.000000    5.82864827    0.82864827    5.00000000   -0.03138015   -0.00000003   -0.56304851   -0.01288624  no 
0.100000    5.61835145    0.71835145    4.90000000   -0.03001490    0.00090954   -0.51207556   -0.01245516  no 
0.200000    5.42101865    0.62101866    4.80000000   -0.02896841    0.00174971   -0.46216544   -0.01191331  no 
0.300000    5.23764516    0.53764517    4.69999999   -0.02802545    0.00256928   -0.41536476   -0.01128322  no 
0.400000    5.06706634    0.46706634    4.59999999   -0.02709987    0.00338589   -0.37257041   -0.01058826  no 
0.500000    4.90749956    0.40749956    4.50000000   -0.02616049    0.00419853   -0.33401911   -0.00985119  no 
0.600000    4.75713753    0.35713755    4.39999998   -0.02519982    0.00499732   -0.29957808   -0.00909205  no 
0.700000    4.61437121    0.31437120    4.30000001   -0.02422002    0.00577024   -0.26893232   -0.00832694  no 
0.800000    4.47784938    0.27784939    4.19999999   -0.02322644    0.00650672   -0.24169798   -0.00756792  no 
0.900000    4.34647069    0.24647066    4.10000002   -0.02222481    0.00719910   -0.21748591   -0.00682352  no 
1.000000    4.21934922    0.21934922    4.00000000   -0.02122017    0.00784269   -0.19593279   -0.00609939  no 
1.100000    4.09577586    0.19577588    3.89999998   -0.02021659    0.00843529   -0.17671350   -0.00539906  no 
1.200000    3.97518222    0.17518227    3.79999995   -0.01921717    0.00897658   -0.15954367   -0.00472447  no 
1.300000    3.85711099    0.15711094    3.70000005   -0.01822419    0.00946752   -0.14417751   -0.00407650  no 
1.400000    3.74119140    0.14119137    3.60000002   -0.01723931    0.00990992   -0.13040361   -0.00345528  no 
1.500000    3.62712156    0.12712156    3.50000000   -0.01626363    0.01030610   -0.11804059   -0.00286042  no 
1.600000    3.51465323    0.11465325    3.39999998   -0.01529792    0.01065863   -0.10693246   -0.00229124  no 
1.700000    3.40358092    0.10358097    3.29999995   -0.01434265    0.01097016   -0.09694487   -0.00174684  no 
1.800000    3.29373333    0.09373328    3.20000005   -0.01339809    0.01124336   -0.08796161   -0.00122624  no 
1.900000    3.18496635    0.08496633    3.10000002   -0.01246432    0.01148081   -0.07988197   -0.00072838  no 
2.000000    3.07715818    0.07715818    3.00000000   -0.01154138    0.01168498   -0.07261797   -0.00025218  no 
2.100000    2.97020529    0.07020520    2.90000010   -0.01062917    0.01185821   -0.06609273    0.00020341  no 
2.200000    2.86401852    0.06401856    2.79999995   -0.00972757    0.01200270   -0.06023870    0.00063941  no 
2.300000    2.75852162    0.05852157    2.70000005   -0.00883642    0.01212048   -0.05499608    0.00105683  no 
2.400000    2.65364781    0.05364790    2.59999990   -0.00795553    0.01221347   -0.05031206    0.00145661  no 
2.500000    2.54933959    0.04933959    2.50000000   -0.00708470    0.01228345   -0.04613952    0.00183965  no 
2.600000    2.44554596    0.04554587    2.40000010   -0.00622373    0.01233203   -0.04243643    0.00220683  no 
2.700000    2.34222189    0.04222193    2.29999995   -0.00537239    0.01236078   -0.03916514    0.00255894  no 
2.800000    2.23932804    0.03932799    2.20000005   -0.00453049    0.01237108   -0.03629173    0.00289674  no 
2.900000    2.13682836    0.03682845    2.09999990   -0.00369780    0.01236427   -0.03378558    0.00322097  no 
3.000000    2.03469145    0.03469145    2.00000000   -0.00287413    0.01234156   -0.03161911    0.00353229  no 
3.100000    1.93288800    0.03288790    1.90000010   -0.00205930    0.01230409   -0.02976705    0.00383135  no 
3.200000    1.83139156    0.03139161    1.79999995   -0.00125310    0.01225291   -0.02820664    0.00411875  no 
3.300000    1.73017856    0.03017851    1.70000005   -0.00045535    0.01218901   -0.02691703    0.00439505  no 
3.400000    1.62922632    0.02922642    1.59999990    0.00033413    0.01211329   -0.02587901    0.00466079  no 
3.500000    1.52851519    0.02851519    1.50000000    0.00111548    0.01202662   -0.02507515    0.00491648  no 
3.600000    1.42802627    0.02802617    1.40000010    0.00188889    0.01192978   -0.02448929    0.00516260  no 
3.700000    1.32774241    0.02774246    1.29999995    0.00265449    0.01182352   -0.02410667    0.00539959  no 
3.800000    1.22764860    0.02764855    1.20000005    0.00341243    0.01170853   -0.02391357    0.00562787  no 
3.900000    1.12773041    0.02773050    1.09999990    0.00416287    0.01158546   -0.02389743    0.00584786  no 
4.000000    1.02797549    0.02797549    1.00000000    0.00490591    0.01145492   -0.02404643    0.00605993  no 
4.100000    0.92837222    0.02837212    0.90000010    0.00564170    0.01131748   -0.02434977    0.00626443  no 
4.200000    0.82891026    0.02891007    0.80000019    0.00637036    0.01117367   -0.02479737    0.00646172  no 
4.300000    0.72957977    0.02957996    0.69999981    0.00709200    0.01102398   -0.02537981    0.00665211  no 
4.400000    0.63037329    0.03037338    0.59999990    0.00780674    0.01086890   -0.02608841    0.00683591  no 
4.500000    0.53128264    0.03128264    0.50000000    0.00851468    0.01070885   -0.02691500    0.00701341  no 
4.600000    0.43230076    0.03230067    0.40000010    0.00921593    0.01054425   -0.02785193    0.00718488  no 
4.700000    0.33342120    0.03342101    0.30000019    0.00991057    0.01037550   -0.02889211    0.00735059  no 
4.800000    0.23463755    0.03463774    0.19999981    0.01059873    0.01020294   -0.03002892    0.00751077  no 
4.900000    0.13594518    0.03594528    0.09999990    0.01128047    0.01002693   -0.03125609    0.00766568  no 
5.000000    0.03733845    0.03733845    0.00000000    0.01195591    0.00984778   -0.03256778    0.00781553  BEST-STATE 
