#
# State information.
#
#


# dataset 0: For the stoma (column numbers are in brackets)
# 1  2  3  4  5  6  7  8  9  10  11  12  13  14  15  16  
t  pore-length  pore-width  stoma-length  stoma-width  pore-area  gc0-height  gc0-width  gc0-ar  gc0-surface-area  gc0-volume  gc1-height  gc1-width  gc1-ar  gc1-surface-area  gc1-volume  
0.000000   11.49300003    1.42499995   30.41900063   21.44899940   12.84322540   10.01200008   10.01199973    1.00000004  810.14520230  1536.31905193           nan           nan           nan           nan           nan 
0.100000   11.49768653    1.49685992   30.42624727   21.54056711   13.28258559   10.01535603   10.02185360    0.99935166  812.49606857  1543.59385373           nan           nan           nan           nan           nan 
0.200000   11.50201041    1.56758465   30.43499987   21.62734136   13.72941723   10.02045293   10.02987836    0.99906027  814.86284893  1550.76902599           nan           nan           nan           nan           nan 
0.300000   11.50622630    1.63453893   30.44502931   21.70872894   14.16325595   10.02640862   10.03709500    0.99893531  817.17913066  1557.79910765           nan           nan           nan           nan           nan 
0.400000   11.51043110    1.69632131   30.45603614   21.78433022   14.57189819   10.03278971   10.04400446    0.99888344  819.42413948  1564.62888971           nan           nan           nan           nan           nan 
0.500000   11.51461841    1.75240079   30.46769591   21.85406721   14.94927639   10.03939151   10.05083321    0.99886162  821.58235848  1571.18161354           nan           nan           nan           nan           nan 
0.600000   11.51873026    1.80279976   30.47970654   21.91813397   15.29346028   10.04612336   10.05766711    0.99885224  823.65613172  1577.49678361           nan           nan           nan           nan           nan 
0.700000   11.52269514    1.84784731   30.49181601   21.97689635   15.60501151   10.05294813   10.06452452    0.99884978  825.63475202  1583.56355559           nan           nan           nan           nan           nan 
0.800000   11.52644906    1.88801238   30.50383040   22.03080249   15.88581814   10.05985150   10.07139505    0.99885383  827.53085669  1589.34603369           nan           nan           nan           nan           nan 
0.900000   11.52994407    1.92380282   30.51561003   22.08032042   16.13835087   10.06682744   10.07825880    0.99886574  829.33634702  1594.89335553           nan           nan           nan           nan           nan 
1.000000   11.53314948    1.95571136   30.52705999   22.12590146   16.36523253   10.07387170   10.08509505    0.99888713  831.06235792  1600.22674359           nan           nan           nan           nan           nan 
1.100000   11.53604943    1.98419034   30.53812009   22.16796219   16.56901039   10.08097936   10.09188592    0.99891927  832.71316583  1605.35115856           nan           nan           nan           nan           nan 
1.200000   11.53863955    2.00964272   30.54875575   22.20687741   16.75204748   10.08814429   10.09861735    0.99896292  834.29475304  1610.28849275           nan           nan           nan           nan           nan 
1.300000   11.54092373    2.03242153   30.55895054   22.24297959   16.91648161   10.09535921   10.10527903    0.99901835  835.80261498  1615.06629036           nan           nan           nan           nan           nan 
1.400000   11.54291145    2.05283362   30.56870082   22.27656120   17.06422076   10.10261605   10.11186379    0.99908546  837.25880249  1619.65261328           nan           nan           nan           nan           nan 
1.500000   11.54461571    2.07114464   30.57801157   22.30787867   17.19695503   10.10990639   10.11836702    0.99916383  838.65932666  1624.08544426           nan           nan           nan           nan           nan 
1.600000   11.54605155    2.08758444   30.58689344   22.33715653   17.31617666   10.11722176   10.12478605    0.99925289  840.00816092  1628.37573754           nan           nan           nan           nan           nan 
1.700000   11.54723499    2.10235202   30.59536071   22.36459160   17.42320223   10.12455384   10.13111979    0.99935190  841.30890950  1632.53335248           nan           nan           nan           nan           nan 
1.800000   11.54818233    2.11562032   30.60342975   22.39035648   17.51919404   10.13189470   10.13736808    0.99946008  842.56386538  1636.56576204           nan           nan           nan           nan           nan 
1.900000   11.54890968    2.12753981   30.61111803   22.41460317   17.60517958   10.13923682   10.14353168    0.99957659  843.77793404  1640.48374297           nan           nan           nan           nan           nan 
2.000000   11.54943262    2.13824213   30.61844350   22.43746555   17.68207012   10.14657323   10.14961171    0.99970063  844.95131071  1644.27833060           nan           nan           nan           nan           nan 
2.100000   11.54976607    2.14784265   30.62542403   22.45906234   17.75067514   10.15389748   10.15560985    0.99983139  846.08873341  1647.98450859           nan           nan           nan           nan           nan 
2.200000   11.54992415    2.15644306   30.63207714   22.47949886   17.81171639   10.16120367   10.16152790    0.99996809  847.19225641  1651.59535756           nan           nan           nan           nan           nan 
2.300000   11.54992017    2.16413325   30.63841988   22.49886882   17.86583904   10.16848642   10.16736779    1.00011002  848.26320402  1655.11521824           nan           nan           nan           nan           nan 
2.400000   11.54976658    2.17099291   30.64446855   22.51725590   17.91362145   10.17574088   10.17313150    1.00025650  849.30412719  1658.55606604           nan           nan           nan           nan           nan 
2.500000   11.54947502    2.17709309   30.65023874   22.53473532   17.95558386   10.18296269   10.17882112    1.00040688  850.31524864  1661.90804945           nan           nan           nan           nan           nan 
2.600000   11.54905635    2.18249726   30.65574530   22.55137455   17.99219509   10.19014789   10.18443865    1.00056059  851.29882506  1665.18234171           nan           nan           nan           nan           nan 
2.700000   11.54852067    2.18726224   30.66100225   22.56723428   18.02387917   10.19729301   10.18998602    1.00071708  852.25626443  1668.38264927           nan           nan           nan           nan           nan 
2.800000   11.54787738    2.19143927   30.66602291   22.58236969   18.05102068   10.20439492   10.19546521    1.00087585  853.18886480  1671.51238628           nan           nan           nan           nan           nan 
2.900000   11.54713520    2.19507450   30.67081979   22.59683037   18.07396882   10.21145086   10.20087793    1.00103647  854.09844536  1674.57560840           nan           nan           nan           nan           nan 
3.000000   11.54630224    2.19820964   30.67540476   22.61066186   18.09304179   10.21845838   10.20622611    1.00119851  854.98487031  1677.57340864           nan           nan           nan           nan           nan 
3.100000   11.54538605    2.20088267   30.67978892   22.62390530   18.10853023   10.22541536   10.21151131    1.00136161  855.84979466  1680.50940435           nan           nan           nan           nan           nan 
3.200000   11.54439363    2.20312804   30.68398285   22.63659847   18.12069995   10.23231994   10.21673521    1.00152541  856.69417609  1683.38610822           nan           nan           nan           nan           nan 
3.300000   11.54333147    2.20497721   30.68799639   22.64877570   18.12979442   10.23917049   10.22189924    1.00168963  857.51974909  1686.20709802           nan           nan           nan           nan           nan 
3.400000   11.54220561    2.20645887   30.69183886   22.66046882   18.13603750   10.24596564   10.22700498    1.00185398  858.32565930  1688.97209039           nan           nan           nan           nan           nan 
3.500000   11.54102169    2.20759940   30.69551909   22.67170668   18.13963517   10.25270420   10.23205364    1.00201822  859.11353305  1691.68437505           nan           nan           nan           nan           nan 
3.600000   11.53978491    2.20842296   30.69904536   22.68251634   18.14077707   10.25938517   10.23704669    1.00218212  859.88410086  1694.34587557           nan           nan           nan           nan           nan 
3.700000   11.53850013    2.20895171   30.70242545   22.69292212   18.13963824   10.26600772   10.24198520    1.00234549  860.63804929  1696.95839994           nan           nan           nan           nan           nan 
3.800000   11.53717187    2.20920610   30.70566669   22.70294726   18.13638066   10.27257121   10.24687058    1.00250814  861.37602359  1699.52365109           nan           nan           nan           nan           nan 
3.900000   11.53580433    2.20920515   30.70877612   22.71261251   18.13115408   10.27907506   10.25170368    1.00266993  862.09863202  1702.04323811           nan           nan           nan           nan           nan 
4.000000   11.53440141    2.20896626   30.71176019   22.72193778   18.12409723   10.28551885   10.25648576    1.00283071  862.80458184  1704.50053505           nan           nan           nan           nan           nan 
4.100000   11.53296674    2.20850563   30.71462518   22.73094094   18.11533912   10.29190236   10.26121765    1.00299036  863.49814930  1706.93327719           nan           nan           nan           nan           nan 
4.200000   11.53150372    2.20783818   30.71737686   22.73963928   18.10499931   10.29822534   10.26590055    1.00314875  864.17797878  1709.32467538           nan           nan           nan           nan           nan 
4.300000   11.53001550    2.20697790   30.72002077   22.74804831   18.09318903   10.30448768   10.27053520    1.00330581  864.84455547  1711.67602290           nan           nan           nan           nan           nan 
4.400000   11.52850500    2.20593774   30.72256213   22.75618279   18.08001188   10.31068942   10.27512252    1.00346146  865.49834017  1713.98855003           nan           nan           nan           nan           nan 
4.500000   11.52697497    2.20472974   30.72500584   22.76405656   18.06556429   10.31683058   10.27966341    1.00361560  866.13976965  1716.26342889           nan           nan           nan           nan           nan 
4.600000   11.52542793    2.20336503   30.72735658   22.77168226   18.04993623   10.32291129   10.28415862    1.00376819  866.76925959  1718.50177568           nan           nan           nan           nan           nan 
4.700000   11.52386626    2.20185423   30.72961879   22.77907205   18.03321153   10.32893175   10.28860891    1.00391917  867.38795247  1720.71189189           nan           nan           nan           nan           nan 
4.800000   11.52229216    2.20020700   30.73179665   22.78623712   18.01546871   10.33489218   10.29301506    1.00406850  867.99472961  1722.88032206           nan           nan           nan           nan           nan 
4.900000   11.52070767    2.19843251   30.73389408   22.79318810   17.99678091   10.34079292   10.29737779    1.00421613  868.59069752  1725.01527553           nan           nan           nan           nan           nan 
5.000000   11.51911469    2.19653928   30.73591492   22.79993486   17.97721678   10.34663430   10.30169779    1.00436205  869.17619903  1727.11768409           nan           nan           nan           nan           nan 


# dataset 1: optimisation metric
# 1  2  3  4  5  6  7  8  9  
t  metric  metric_raw  dp  pc-gc0-width  pc-pore-length  pc-pore-width  pc-stoma-length  best  
0.000000    5.43640725    0.43640725    5.00000000   -0.04356136    0.00000000   -0.35197819    0.01620233  no 
0.100000    5.28743506    0.38743506    4.90000000   -0.04262002    0.00040777   -0.31929972    0.01644442  no 
0.200000    5.14156080    0.34156081    4.80000000   -0.04185342    0.00078399   -0.28713749    0.01673682  no 
0.300000    5.00008544    0.30008545    4.69999999   -0.04116402    0.00115081   -0.25668989    0.01707187  no 
0.400000    4.86338601    0.26338602    4.59999999   -0.04050397    0.00151667   -0.22859422    0.01743957  no 
0.500000    4.73131349    0.23131349    4.50000000   -0.03985162    0.00188101   -0.20309196    0.01782909  no 
0.600000    4.60346233    0.20346235    4.39999998   -0.03919879    0.00223878   -0.18017291    0.01823032  no 
0.700000    4.47933781    0.17933779    4.30000001   -0.03854370    0.00258376   -0.15968744    0.01863486  no 
0.800000    4.35844684    0.15844685    4.19999999   -0.03788737    0.00291039   -0.14142229    0.01903623  no 
0.900000    4.24034111    0.14034109    4.10000002   -0.03723168    0.00321448   -0.12514651    0.01942975  no 
1.000000    4.12463123    0.12463123    4.00000000   -0.03657862    0.00349339   -0.11063603    0.01981225  no 
1.100000    4.01098771    0.11098773    3.89999998   -0.03592989    0.00374571   -0.09768515    0.02018174  no 
1.200000    3.89913512    0.09913516    3.79999995   -0.03528684    0.00397107   -0.08611063    0.02053704  no 
1.300000    3.78884455    0.08884450    3.70000005   -0.03465046    0.00416982   -0.07575192    0.02087762  no 
1.400000    3.67992513    0.07992511    3.60000002   -0.03402142    0.00434277   -0.06646948    0.02120334  no 
1.500000    3.57221742    0.07221742    3.50000000   -0.03340017    0.00449106   -0.05814250    0.02151438  no 
1.600000    3.46558635    0.06558637    3.39999998   -0.03278697    0.00461599   -0.05066647    0.02181110  no 
1.700000    3.35991569    0.05991574    3.29999995   -0.03218191    0.00471896   -0.04395088    0.02209396  no 
1.800000    3.25510317    0.05510312    3.20000005   -0.03158501    0.00480139   -0.03791709    0.02236352  no 
1.900000    3.15105600    0.05105598    3.10000002   -0.03099621    0.00486467   -0.03249667    0.02262037  no 
2.000000    3.04768837    0.04768837    3.00000000   -0.03041539    0.00491017   -0.02762977    0.02286509  no 
2.100000    2.94491897    0.04491888    2.90000010   -0.02984239    0.00493919   -0.02326392    0.02309828  no 
2.200000    2.84266944    0.04266949    2.79999995   -0.02927704    0.00495294   -0.01935286    0.02332054  no 
2.300000    2.74086560    0.04086555    2.70000005   -0.02871916    0.00495259   -0.01585573    0.02353243  no 
2.400000    2.63943633    0.03943642    2.59999990   -0.02816856    0.00493923   -0.01273628    0.02373450  no 
2.500000    2.53831648    0.03831648    2.50000000   -0.02762504    0.00491386   -0.00996222    0.02392726  no 
2.600000    2.43744633    0.03744624    2.40000010   -0.02708840    0.00487743   -0.00750466    0.02411122  no 
2.700000    2.33677302    0.03677307    2.29999995   -0.02655846    0.00483082   -0.00533777    0.02428684  no 
2.800000    2.23625163    0.03625158    2.20000005   -0.02603504    0.00477485   -0.00343826    0.02445456  no 
2.900000    2.13584346    0.03584355    2.09999990   -0.02551797    0.00471028   -0.00178513    0.02461481  no 
3.000000    2.03551751    0.03551751    2.00000000   -0.02500706    0.00463780   -0.00035942    0.02476798  no 
3.100000    1.93524819    0.03524809    1.90000010   -0.02450217    0.00455808    0.00085615    0.02491444  no 
3.200000    1.83501526    0.03501531    1.79999995   -0.02400313    0.00447173    0.00187724    0.02505455  no 
3.300000    1.73480380    0.03480375    1.70000005   -0.02350982    0.00437931    0.00271815    0.02518863  no 
3.400000    1.63460179    0.03460188    1.59999990   -0.02302207    0.00428136    0.00339194    0.02531699  no 
3.500000    1.53440137    0.03440137    1.50000000   -0.02253977    0.00417834    0.00391060    0.02543994  no 
3.600000    1.43419661    0.03419651    1.40000010   -0.02206279    0.00407073    0.00428511    0.02555774  no 
3.700000    1.33398370    0.03398375    1.29999995   -0.02159102    0.00395894    0.00452556    0.02567066  no 
3.800000    1.23376132    0.03376128    1.20000005   -0.02112432    0.00384337    0.00464125    0.02577894  no 
3.900000    1.13352863    0.03352873    1.09999990   -0.02066262    0.00372438    0.00464081    0.02588281  no 
4.000000    1.03328686    0.03328686    1.00000000   -0.02020579    0.00360231    0.00453218    0.02598250  no 
4.100000    0.93303749    0.03303740    0.90000010   -0.01975376    0.00347749    0.00432271    0.02607821  no 
4.200000    0.83278298    0.03278279    0.80000019   -0.01930641    0.00335019    0.00401918    0.02617014  no 
4.300000    0.73252594    0.03252613    0.69999981   -0.01886366    0.00322070    0.00362797    0.02625846  no 
4.400000    0.63227092    0.03227101    0.59999990   -0.01842544    0.00308927    0.00315495    0.02634336  no 
4.500000    0.53202141    0.03202141    0.50000000   -0.01799165    0.00295614    0.00260561    0.02642500  no 
4.600000    0.43178169    0.03178160    0.40000010   -0.01756223    0.00282154    0.00198501    0.02650353  no 
4.700000    0.33155629    0.03155610    0.30000019   -0.01713709    0.00268566    0.00129797    0.02657910  no 
4.800000    0.23134939    0.03134958    0.19999981   -0.01671618    0.00254870    0.00054888    0.02665186  no 
4.900000    0.13116668    0.03116677    0.09999990   -0.01629941    0.00241083   -0.00025807    0.02672192  no 
5.000000    0.03101242    0.03101242    0.00000000   -0.01588672    0.00227223   -0.00111902    0.02678943  BEST-STATE 
