#
# State information.
#
#


# dataset 0: For the stoma (column numbers are in brackets)
# 1  2  3  4  5  6  7  8  9  10  11  12  13  14  15  16  
t  pore-length  pore-width  stoma-length  stoma-width  pore-area  gc0-height  gc0-width  gc0-ar  gc0-surface-area  gc0-volume  gc1-height  gc1-width  gc1-ar  gc1-surface-area  gc1-volume  
0.000000    9.37899971    0.90799999   29.89900017   20.68400002    6.67685686    9.88799953    9.88800001    0.99999995  800.04970134  1496.04463650           nan           nan           nan           nan           nan 
0.100000    9.38668376    1.01771998   29.91489178   20.82229720    7.25142598    9.88892072    9.90228861    0.99865002  803.59394474  1506.86681278           nan           nan           nan           nan           nan 
0.200000    9.39372897    1.12420627   29.93401480   20.95114380    7.82784193    9.89281487    9.91346876    0.99791658  807.11748253  1517.51899637           nan           nan           nan           nan           nan 
0.300000    9.40066232    1.22328901   29.95571651   21.07044393    8.37866176    9.89803140    9.92357746    0.99742572  810.56492314  1527.93895030           nan           nan           nan           nan           nan 
0.400000    9.40766182    1.31323546   29.97927465   21.18012124    8.89013603    9.90391201    9.93344289    0.99702713  813.90649552  1538.06026666           nan           nan           nan           nan           nan 
0.500000    9.41469287    1.39375776   30.00397274   21.28048187    9.35713509    9.91020688    9.94336206    0.99666560  817.13946748  1547.81450677           nan           nan           nan           nan           nan 
0.600000    9.42162821    1.46534491   30.02918476   21.37214965    9.77956090    9.91683221    9.95340237    0.99632586  820.24501228  1557.19734942           nan           nan           nan           nan           nan 
0.700000    9.42832773    1.52882969   30.05441833   21.45591164   10.15990088    9.92376552    9.96354097    0.99600790  823.21825752  1566.19925439           nan           nan           nan           nan           nan 
0.800000    9.43467705    1.58513898   30.07931551   21.53259420   10.50173506    9.93100180    9.97372761    0.99571616  826.06120344  1574.87111331           nan           nan           nan           nan           nan 
0.900000    9.44059829    1.63516730   30.10363139   21.60298997   10.80891872    9.93853632    9.98391134    0.99545519  828.79346594  1583.16137536           nan           nan           nan           nan           nan 
1.000000    9.44604735    1.67972279   30.12721038   21.66782165   11.08517065    9.94635994    9.99404943    0.99522821  831.39833671  1591.17946599           nan           nan           nan           nan           nan 
1.100000    9.45100659    1.71951109   30.14996216   21.72772980   11.33389449    9.95445863   10.00410935    0.99503697  833.90246009  1598.89431941           nan           nan           nan           nan           nan 
1.200000    9.45547705    1.75513768   30.17184249   21.78327394   11.55812205    9.96281467   10.01406813    0.99488185  836.30427986  1606.35882245           nan           nan           nan           nan           nan 
1.300000    9.45947221    1.78711826   30.19283721   21.83493876   11.76051643    9.97140794   10.02391025    0.99476229  838.62512093  1613.53833781           nan           nan           nan           nan           nan 
1.400000    9.46301289    1.81589085   30.21295336   21.88314342   11.94340188    9.98021729   10.03362629    0.99467700  840.86141769  1620.50865943           nan           nan           nan           nan           nan 
1.500000    9.46612397    1.84182805   30.23221117   21.92824972   12.10880260    9.98922136   10.04321083    0.99462428  843.02347810  1627.25827213           nan           nan           nan           nan           nan 
1.600000    9.46883208    1.86524743   30.25063917   21.97057128   12.25848152    9.99839928   10.05266193    0.99460216  845.11506888  1633.82149789           nan           nan           nan           nan           nan 
1.700000    9.47116420    1.88642091   30.26827019   22.01037979   12.39397737   10.00773098   10.06197944    0.99460857  847.13624729  1640.20999749           nan           nan           nan           nan           nan 
1.800000    9.47314668    1.90558225   30.28513965   22.04791224   12.51663689   10.01719749   10.07116500    0.99464138  849.09947859  1646.42547970           nan           nan           nan           nan           nan 
1.900000    9.47480474    1.92293346   30.30128351   22.08337569   12.62764268   10.02678107   10.08022112    0.99469852  851.00455119  1652.48441355           nan           nan           nan           nan           nan 
2.000000    9.47616220    1.93864989   30.31673762   22.11695170   12.72803718   10.03646521   10.08915091    0.99477799  852.85310578  1658.40377183           nan           nan           nan           nan           nan 
2.100000    9.47724129    1.95288455   30.33153698   22.14880049   12.81874284   10.04623464   10.09795797    0.99487784  854.65229144  1664.17783921           nan           nan           nan           nan           nan 
2.200000    9.47806270    1.96577156   30.34571558   22.17906356   12.90057908   10.05607527   10.10664600    0.99499629  856.40254139  1669.82459570           nan           nan           nan           nan           nan 
2.300000    9.47864566    1.97742915   30.35930526   22.20786667   12.97427594   10.06597419   10.11521876    0.99513164  858.10401478  1675.34909784           nan           nan           nan           nan           nan 
2.400000    9.47900802    1.98796177   30.37233573   22.23532200   13.04048674   10.07591946   10.12368011    0.99528228  859.76941750  1680.73672881           nan           nan           nan           nan           nan 
2.500000    9.47916619    1.99746215   30.38483572   22.26152968   13.09979818   10.08590022   10.13203377    0.99544676  861.39045900  1686.02455224           nan           nan           nan           nan           nan 
2.600000    9.47913533    2.00601315   30.39683232   22.28657985   13.15273890   10.09590645   10.14028335    0.99562370  862.97266013  1691.21345086           nan           nan           nan           nan           nan 
2.700000    9.47892940    2.01368892   30.40835118   22.31055355   13.19978693   10.10592908   10.14843231    0.99581184  864.51734259  1696.29731760           nan           nan           nan           nan           nan 
2.800000    9.47856128    2.02055621   30.41941643   22.33352399   13.24137569   10.11595976   10.15648389    0.99601002  866.02656224  1701.28406891           nan           nan           nan           nan           nan 
2.900000    9.47804289    2.02667511   30.43005103   22.35555744   13.27789932   10.12599088   10.16444117    0.99621718  867.50053198  1706.17076389           nan           nan           nan           nan           nan 
3.000000    9.47738534    2.03209996   30.44027549   22.37671447   13.30971683   10.13601546   10.17230725    0.99643229  868.94342707  1710.97498436           nan           nan           nan           nan           nan 
3.100000    9.47659891    2.03688014   30.45010990   22.39704990   13.33715685   10.14602715   10.18008488    0.99665447  870.35576441  1715.69854537           nan           nan           nan           nan           nan 
3.200000    9.47569306    2.04106069   30.45957303   22.41661394   13.36052037   10.15602013   10.18777663    0.99688288  871.73356946  1720.34877226           nan           nan           nan           nan           nan 
3.300000    9.47467660    2.04468250   30.46868265   22.43545282   13.38008428   10.16598910   10.19538516    0.99711673  873.08685849  1724.90430549           nan           nan           nan           nan           nan 
3.400000    9.47355770    2.04778326   30.47745544   22.45360851   13.39610313   10.17592928   10.20291263    0.99735533  874.41257235  1729.38268953           nan           nan           nan           nan           nan 
3.500000    9.47234397    2.05039740   30.48590720   22.47112012   13.40881195   10.18583626   10.21036136    0.99759802  875.71173419  1733.78649637           nan           nan           nan           nan           nan 
3.600000    9.47104251    2.05255663   30.49405277   22.48802340   13.41842804   10.19570601   10.21773338    0.99784420  876.98793007  1738.13931024           nan           nan           nan           nan           nan 
3.700000    9.46965990    2.05429018   30.50190622   22.50435150   13.42515257   10.20553496   10.22503066    0.99809334  878.23568938  1742.38989982           nan           nan           nan           nan           nan 
3.800000    9.46820229    2.05562508   30.50948095   22.52013516   13.42917234   10.21531975   10.23225504    0.99834491  879.46072753  1746.58385175           nan           nan           nan           nan           nan 
3.900000    9.46667548    2.05658650   30.51678932   22.53540277   13.43066062   10.22505742   10.23940814    0.99859848  880.66339301  1750.71864470           nan           nan           nan           nan           nan 
4.000000    9.46508487    2.05719733   30.52384323   22.55018079   13.42977871   10.23474523   10.24649173    0.99885361  881.84312086  1754.78300131           nan           nan           nan           nan           nan 
4.100000    9.46343548    2.05747926   30.53065395   22.56449389   13.42667685   10.24438071   10.25350732    0.99910990  883.00491269  1758.81509601           nan           nan           nan           nan           nan 
4.200000    9.46173204    2.05745232   30.53723216   22.57836509   13.42149565   10.25396171   10.26045638    0.99936702  884.14220614  1762.75704622           nan           nan           nan           nan           nan 
4.300000    9.45997897    2.05713522   30.54358792   22.59181571   13.41436592   10.26348618   10.26734024    0.99962463  885.25927849  1766.64031412           nan           nan           nan           nan           nan 
4.400000    9.45818038    2.05654538   30.54973102   22.60486579   13.40541048   10.27295238   10.27416021    0.99988244  886.35674824  1770.46645478           nan           nan           nan           nan           nan 
4.500000    9.45634014    2.05569911   30.55567068   22.61753404   13.39474411   10.28235871   10.28091747    1.00014019  887.43520404  1774.23694790           nan           nan           nan           nan           nan 
4.600000    9.45446193    2.05461168   30.56141543   22.62983823   13.38247439   10.29170370   10.28761327    1.00039761  888.49520768  1777.95322281           nan           nan           nan           nan           nan 
4.700000    9.45254917    2.05329728   30.56697351   22.64179468   13.36870212   10.30098614   10.29424870    1.00065449  889.53729714  1781.61664177           nan           nan           nan           nan           nan 
4.800000    9.45060513    2.05176950   30.57235241   22.65341914   13.35352201   10.31020489   10.30082482    1.00091061  890.56198676  1785.22851843           nan           nan           nan           nan           nan 
4.900000    9.44863284    2.05004084   30.57755953   22.66472590   13.33702305   10.31935897   10.30734253    1.00116581  891.56829889  1788.77564484           nan           nan           nan           nan           nan 
5.000000    9.44663515    2.04812312   30.58260196   22.67572904   13.31928896   10.32844755   10.31380296    1.00141990  892.56402008  1792.27260013           nan           nan           nan           nan           nan 


# dataset 1: optimisation metric
# 1  2  3  4  5  6  7  8  9  
t  metric  metric_raw  dp  pc-gc0-width  pc-pore-length  pc-pore-width  pc-stoma-length  best  
0.000000    5.77934691    0.77934691    5.00000000   -0.05096458   -0.00000003   -0.54048583    0.00248115  no 
0.100000    5.56546392    0.66546392    4.90000000   -0.04959318    0.00081925   -0.48495953    0.00301397  no 
0.200000    5.36620007    0.56620007    4.80000000   -0.04852013    0.00157042   -0.43106970    0.00365515  no 
0.300000    5.18202516    0.48202517    4.69999999   -0.04754991    0.00230966   -0.38092661    0.00438278  no 
0.400000    5.01140209    0.41140209    4.59999999   -0.04660304    0.00305596   -0.33540716    0.00517266  no 
0.500000    4.85225579    0.35225579    4.50000000   -0.04565102    0.00380562   -0.29465700    0.00600076  no 
0.600000    4.70256985    0.30256987    4.39999998   -0.04468736    0.00454507   -0.25842869    0.00684609  no 
0.700000    4.56060204    0.26060203    4.30000001   -0.04371427    0.00525938   -0.22630076    0.00769215  no 
0.800000    4.42492674    0.22492675    4.19999999   -0.04273658    0.00593635   -0.19780416    0.00852692  no 
0.900000    4.29440814    0.19440812    4.10000002   -0.04175916    0.00656768   -0.17248618    0.00934221  no 
1.000000    4.16815178    0.16815178    4.00000000   -0.04078612    0.00714867   -0.14993786    0.01013279  no 
1.100000    4.04545705    0.14545707    3.89999998   -0.03982058    0.00767743   -0.12980208    0.01089563  no 
1.200000    3.92577632    0.12577637    3.79999995   -0.03886475    0.00815407   -0.11177243    0.01162925  no 
1.300000    3.80868274    0.10868269    3.70000005   -0.03792012    0.00858004   -0.09558793    0.01233318  no 
1.400000    3.69384560    0.09384558    3.60000002   -0.03698759    0.00895755   -0.08102690    0.01300766  no 
1.500000    3.58101320    0.08101320    3.50000000   -0.03606768    0.00928926   -0.06790079    0.01365335  no 
1.600000    3.46999949    0.06999951    3.39999998   -0.03516058    0.00957800   -0.05604887    0.01427122  no 
1.700000    3.36067390    0.06067394    3.29999995   -0.03426630    0.00982666   -0.04533355    0.01486237  no 
1.800000    3.25295123    0.05295118    3.20000005   -0.03338468    0.01003803   -0.03563651    0.01542798  no 
1.900000    3.14677670    0.04677668    3.10000002   -0.03251549    0.01021481   -0.02685554    0.01596927  no 
2.000000    3.04210375    0.04210375    3.00000000   -0.03165842    0.01035955   -0.01890188    0.01648743  no 
2.100000    2.93886162    0.03886152    2.90000010   -0.03081313    0.01047460   -0.01169810    0.01698364  no 
2.200000    2.83692377    0.03692381    2.79999995   -0.02997927    0.01056218   -0.00517634    0.01745903  no 
2.300000    2.73609792    0.03609788    2.70000005   -0.02915647    0.01062434    0.00072325    0.01791468  no 
2.400000    2.63614416    0.03614425    2.59999990   -0.02834436    0.01066297    0.00605353    0.01835158  no 
2.500000    2.53681603    0.03681603    2.50000000   -0.02754259    0.01067984    0.01086141    0.01877069  no 
2.600000    2.43789380    0.03789370    2.40000010   -0.02675081    0.01067655    0.01518884    0.01917292  no 
2.700000    2.33920220    0.03920225    2.29999995   -0.02596868    0.01065459    0.01907334    0.01955913  no 
2.800000    2.24061229    0.04061225    2.20000005   -0.02519590    0.01061534    0.02254869    0.01993014  no 
2.900000    2.14203268    0.04203278    2.09999990   -0.02443218    0.01056007    0.02564530    0.02028671  no 
3.000000    2.04340232    0.04340232    2.00000000   -0.02367720    0.01048996    0.02839067    0.02062952  no 
3.100000    1.94468076    0.04468067    1.90000010   -0.02293071    0.01040611    0.03080979    0.02095926  no 
3.200000    1.84584256    0.04584261    1.79999995   -0.02219247    0.01030953    0.03292545    0.02127655  no 
3.300000    1.74687322    0.04687317    1.70000005   -0.02146222    0.01020115    0.03475835    0.02158198  no 
3.400000    1.64776450    0.04776459    1.59999990   -0.02073974    0.01008185    0.03632756    0.02187613  no 
3.500000    1.54851388    0.04851388    1.50000000   -0.02002482    0.00995244    0.03765050    0.02215950  no 
3.600000    1.44912144    0.04912134    1.40000010   -0.01931727    0.00981368    0.03874324    0.02243262  no 
3.700000    1.34958945    0.04958950    1.29999995   -0.01861689    0.00966627    0.03962053    0.02269593  no 
3.800000    1.24992243    0.04992238    1.20000005   -0.01792350    0.00951085    0.04029609    0.02294991  no 
3.900000    1.15012492    0.05012502    1.09999990   -0.01723696    0.00934806    0.04078264    0.02319495  no 
4.000000    1.05020289    0.05020289    1.00000000   -0.01655709    0.00917847    0.04109177    0.02343146  no 
4.100000    0.95016214    0.05016204    0.90000010   -0.01588374    0.00900261    0.04123444    0.02365981  no 
4.200000    0.85000883    0.05000864    0.80000019   -0.01521678    0.00882099    0.04122081    0.02388037  no 
4.300000    0.74974881    0.04974900    0.69999981   -0.01455608    0.00863407    0.04106034    0.02409348  no 
4.400000    0.64938934    0.04938944    0.59999990   -0.01390151    0.00844231    0.04076183    0.02429945  no 
4.500000    0.54893630    0.04893630    0.50000000   -0.01325295    0.00824610    0.04033356    0.02449860  no 
4.600000    0.44839596    0.04839587    0.40000010   -0.01261030    0.00804584    0.03978324    0.02469121  no 
4.700000    0.34777457    0.04777438    0.30000019   -0.01197344    0.00784190    0.03911806    0.02487757  no 
4.800000    0.24707795    0.04707814    0.19999981   -0.01134228    0.00763462    0.03834489    0.02505792  no 
4.900000    0.14631327    0.04631336    0.09999990   -0.01071672    0.00742434    0.03747006    0.02523251  no 
5.000000    0.04548628    0.04548628    0.00000000   -0.01009665    0.00721134    0.03649956    0.02540157  BEST-STATE 
