#
# State information.
#
#


# dataset 0: For the stoma (column numbers are in brackets)
# 1  2  3  4  5  6  7  8  9  10  11  12  13  14  15  16  
t  pore-length  pore-width  stoma-length  stoma-width  pore-area  gc0-height  gc0-width  gc0-ar  gc0-surface-area  gc0-volume  gc1-height  gc1-width  gc1-ar  gc1-surface-area  gc1-volume  
0.000000   11.14299965    0.97000003   28.37500000   22.98600006    8.47358164   11.00800037   11.00800002    1.00000003  808.79361388  1648.33774713           nan           nan           nan           nan           nan 
0.100000   11.17157705    1.15480262   28.40091681   23.20579506    9.63012487   11.00653276   11.02549622    0.99828004  814.34074595  1665.07147117           nan           nan           nan           nan           nan 
0.200000   11.19812984    1.32834896   28.43329581   23.40574270   10.77477303   11.00961130   11.03869687    0.99736513  819.76297221  1681.27636991           nan           nan           nan           nan           nan 
0.300000   11.22310750    1.48195606   28.46919674   23.58470976   11.82825594   11.01414872   11.05137685    0.99663136  824.90074695  1696.64171402           nan           nan           nan           nan           nan 
0.400000   11.24630768    1.61437768   28.50625475   23.74316460   12.76510220   11.01938717   11.06439346    0.99593233  829.70225224  1711.01762715           nan           nan           nan           nan           nan 
0.500000   11.26748958    1.72753018   28.54282822   23.88305080   13.58618060   11.02521082   11.07776031    0.99525631  834.14762537  1724.42469042           nan           nan           nan           nan           nan 
0.600000   11.28657800    1.82423395   28.57799314   24.00686085   14.30275978   11.03163027   11.09131345    0.99461893  838.26671476  1736.89366884           nan           nan           nan           nan           nan 
0.700000   11.30363868    1.90723979   28.61132140   24.11703718   14.92869895   11.03865027   11.10489869    0.99403431  842.09978019  1748.57004638           nan           nan           nan           nan           nan 
0.800000   11.31882524    1.97890568   28.64267227   24.21572244   15.47717034   11.04624960   11.11840838    0.99350997  845.68764086  1759.50164392           nan           nan           nan           nan           nan 
0.900000   11.33232719    2.04114771   28.67206487   24.30470121   15.95956281   11.05438785   11.13177675    0.99304793  849.04235602  1769.85674182           nan           nan           nan           nan           nan 
1.000000   11.34433497    2.09549999   28.69959432   24.38543391   16.38541038   11.06301536   11.14496696    0.99264676  852.19322842  1779.68520974           nan           nan           nan           nan           nan 
1.100000   11.35502499    2.14319003   28.72538704   24.45911157   16.76261053   11.07208032   11.15796077    0.99230321  855.17940644  1789.02000851           nan           nan           nan           nan           nan 
1.200000   11.36455442    2.18520355   28.74957722   24.52670646   17.09768278   11.08153234   11.17075145    0.99201315  858.01653869  1797.92836251           nan           nan           nan           nan           nan 
1.300000   11.37305972    2.22233820   28.77229691   24.58901596   17.39602488   11.09132443   11.18333888    0.99177218  860.71301381  1806.48796155           nan           nan           nan           nan           nan 
1.400000   11.38065881    2.25524509   28.79367021   24.64669895   17.66213082   11.10141371   11.19572693    0.99157596  863.28858720  1814.72595256           nan           nan           nan           nan           nan 
1.500000   11.38745292    2.28446078   28.81381065   24.70030439   17.89976821   11.11176151   11.20792180    0.99142033  865.75527123  1822.67331893           nan           nan           nan           nan           nan 
1.600000   11.39352903    2.31043148   28.83282080   24.75029278   18.11211836   11.12233320   11.21993065    0.99130142  868.12147032  1830.37556017           nan           nan           nan           nan           nan 
1.700000   11.39896187    2.33353174   28.85079315   24.79705346   18.30188770   11.13309790   11.23176086    0.99121572  870.40059448  1837.82473337           nan           nan           nan           nan           nan 
1.800000   11.40381593    2.35407829   28.86781058   24.84091854   18.47139453   11.14402813   11.24342012    0.99115999  872.59781619  1845.05692886           nan           nan           nan           nan           nan 
1.900000   11.40814692    2.37234139   28.88394743   24.88217270   18.62263873   11.15509938   11.25491565    0.99113132  874.71726531  1852.06371687           nan           nan           nan           nan           nan 
2.000000   11.41200343    2.38855326   28.89927024   24.92106187   18.75735618   11.16628979   11.26625431    0.99112709  876.76992240  1858.90867055           nan           nan           nan           nan           nan 
2.100000   11.41542780    2.40291440   28.91383868   24.95779991   18.87706314   11.17757985   11.27744275    0.99114490  878.75905082  1865.58609875           nan           nan           nan           nan           nan 
2.200000   11.41845727    2.41559982   28.92770642   24.99257374   18.98309119   11.18895207   11.28848696    0.99118262  880.69223662  1872.08433768           nan           nan           nan           nan           nan 
2.300000   11.42112464    2.42676210   28.94092208   25.02554774   19.07661602   11.20039079   11.29939282    0.99123829  882.56566762  1878.44979552           nan           nan           nan           nan           nan 
2.400000   11.42345884    2.43653607   28.95352948   25.05686688   19.15868113   11.21188195   11.31016541    0.99131017  884.38690169  1884.67448037           nan           nan           nan           nan           nan 
2.500000   11.42548576    2.44504082   28.96556890   25.08665967   19.23021687   11.22341289   11.32080942    0.99139668  886.15991778  1890.77378495           nan           nan           nan           nan           nan 
2.600000   11.42722854    2.45238197   28.97707587   25.11504149   19.29205604   11.23497218   11.33132976    0.99149636  887.88560822  1896.73831782           nan           nan           nan           nan           nan 
2.700000   11.42870793    2.45865417   28.98808318   25.14211464   19.34494722   11.24654947   11.34173024    0.99160791  889.56818749  1902.58749655           nan           nan           nan           nan           nan 
2.800000   11.42994270    2.46394181   28.99862039   25.16797161   19.38956628   11.25813544   11.35201490    0.99173015  891.20917980  1908.32186108           nan           nan           nan           nan           nan 
2.900000   11.43094987    2.46832120   29.00871468   25.19269586   19.42652476   11.26972160   11.36218733    0.99186198  892.81093482  1913.94838446           nan           nan           nan           nan           nan 
3.000000   11.43174490    2.47186112   29.01839107   25.21636271   19.45637868   11.28130025   11.37225080    0.99200241  894.37537025  1919.47188511           nan           nan           nan           nan           nan 
3.100000   11.43234184    2.47462380   29.02767265   25.23904037   19.47963459   11.29286444   11.38220829    0.99215057  895.90441027  1924.89696672           nan           nan           nan           nan           nan 
3.200000   11.43275362    2.47666574   29.03658068   25.26079154   19.49675575   11.30440781   11.39206290    0.99230560  897.39681145  1930.23889206           nan           nan           nan           nan           nan 
3.300000   11.43299210    2.47803867   29.04513502   25.28167295   19.50816658   11.31592458   11.40181714    0.99246677  898.85923590  1935.47836510           nan           nan           nan           nan           nan 
3.400000   11.43306816    2.47878957   29.05335367   25.30173683   19.51425696   11.32740954   11.41147363    0.99263337  900.29032816  1940.62868881           nan           nan           nan           nan           nan 
3.500000   11.43299195    2.47896171   29.06125379   25.32103062   19.51538612   11.33885786   11.42103446    0.99280480  901.69183777  1945.69638716           nan           nan           nan           nan           nan 
3.600000   11.43277282    2.47859478   29.06885117   25.33959889   19.51188572   11.35026523   11.43050206    0.99298046  903.06470675  1950.68270301           nan           nan           nan           nan           nan 
3.700000   11.43241948    2.47772527   29.07616043   25.35748172   19.50406261   11.36162770   11.43987823    0.99315985  904.41023883  1955.59180350           nan           nan           nan           nan           nan 
3.800000   11.43194005    2.47638679   29.08319527   25.37471700   19.49220068   11.37294161   11.44916511    0.99334244  905.72905637  1960.42334975           nan           nan           nan           nan           nan 
3.900000   11.43134212    2.47461057   29.08996868   25.39133906   19.47656404   11.38420370   11.45836425    0.99352782  907.02232563  1965.18116660           nan           nan           nan           nan           nan 
4.000000   11.43063280    2.47242546   29.09649277   25.40738034   19.45739793   11.39541101   11.46747744    0.99371558  908.29095127  1969.86749333           nan           nan           nan           nan           nan 
4.100000   11.42981872    2.46985805   29.10277891   25.42287087   19.43493134   11.40656087   11.47650641    0.99390533  909.53578230  1974.48442219           nan           nan           nan           nan           nan 
4.200000   11.42890611    2.46693337   29.10883784   25.43783832   19.40937738   11.41765076   11.48545247    0.99409673  910.75761928  1979.03393388           nan           nan           nan           nan           nan 
4.300000   11.42790094    2.46367455   29.11467934   25.45230865   19.38093515   11.42867848   11.49431705    0.99428948  911.95721840  1983.51790174           nan           nan           nan           nan           nan 
4.400000   11.42680877    2.46010303   29.12031293   25.46630621   19.34979113   11.43964201   11.50310159    0.99448326  913.13211506  1987.91018104           nan           nan           nan           nan           nan 
4.500000   11.42563483    2.45623910   29.12574750   25.47985387   19.31611991   11.45053956   11.51180738    0.99467783  914.28484247  1992.28749612           nan           nan           nan           nan           nan 
4.600000   11.42438415    2.45210147   29.13099140   25.49297261   19.28008474   11.46136951   11.52043557    0.99487293  915.42186352  1996.58519005           nan           nan           nan           nan           nan 
4.700000   11.42306137    2.44770777   29.13605255   25.50568247   19.24183975   11.47213036   11.52898735    0.99506834  916.53929142  2000.82389685           nan           nan           nan           nan           nan 
4.800000   11.42167100    2.44307446   29.14093858   25.51800227   19.20152875   11.48282087   11.53746390    0.99526386  917.63770749  2005.00506317           nan           nan           nan           nan           nan 
4.900000   11.42021728    2.43821716   29.14565659   25.52994943   19.15928740   11.49343982   11.54586613    0.99545930  918.71766602  2009.13007269           nan           nan           nan           nan           nan 
5.000000   11.41870415    2.43315017   29.15021354   25.54154062   19.11524358   11.50398621   11.55419523    0.99565448  919.77969494  2013.20024107           nan           nan           nan           nan           nan 


# dataset 1: optimisation metric
# 1  2  3  4  5  6  7  8  9  
t  metric  metric_raw  dp  pc-gc0-width  pc-pore-length  pc-pore-width  pc-stoma-length  best  
0.000000    5.95716029    0.95716029    5.00000000   -0.01915709   -0.00000003   -0.61568937   -0.03492960  no 
0.100000    5.68288803    0.78288803    4.90000000   -0.01759813    0.00256457   -0.54247123   -0.03404813  no 
0.200000    5.44301398    0.64301398    4.80000000   -0.01642191    0.00494749   -0.47371277   -0.03294688  no 
0.300000    5.23372778    0.53372779    4.69999999   -0.01529209    0.00718904   -0.41285417   -0.03172584  no 
0.400000    5.04828615    0.44828615    4.59999999   -0.01413228    0.00927108   -0.36038919   -0.03046545  no 
0.500000    4.88069545    0.38069545    4.50000000   -0.01294125    0.01117200   -0.31555857   -0.02922154  no 
0.600000    4.72639156    0.32639158    4.39999998   -0.01173363    0.01288504   -0.27724487   -0.02802554  no 
0.700000    4.58207296    0.28207295    4.30000001   -0.01052315    0.01441611   -0.24435824   -0.02689200  no 
0.800000    4.44538281    0.24538282    4.19999999   -0.00931940    0.01577899   -0.21596447   -0.02582572  no 
0.900000    4.31463372    0.21463370    4.10000002   -0.00812824    0.01699068   -0.19130439   -0.02482604  no 
1.000000    4.18859913    0.18859913    4.00000000   -0.00695296    0.01806829   -0.16977021   -0.02388972  no 
1.100000    4.06637167    0.16637170    3.89999998   -0.00579517    0.01902764   -0.15087558   -0.02301248  no 
1.200000    3.94726874    0.14726879    3.79999995   -0.00465549    0.01988283   -0.13422997   -0.02218974  no 
1.300000    3.83076837    0.13076832    3.70000005   -0.00353391    0.02064612   -0.11951735   -0.02141702  no 
1.400000    3.71646492    0.11646489    3.60000002   -0.00243011    0.02132808   -0.10647976   -0.02069008  no 
1.500000    3.60403918    0.10403918    3.50000000   -0.00134351    0.02193780   -0.09490460   -0.02000508  no 
1.600000    3.49323629    0.09323631    3.39999998   -0.00027349    0.02248309   -0.08461510   -0.01935852  no 
1.700000    3.38385010    0.08385015    3.29999995    0.00078062    0.02297064   -0.07546286   -0.01874726  no 
1.800000    3.27571189    0.07571184    3.20000005    0.00181949    0.02340626   -0.06732239   -0.01816847  no 
1.900000    3.16868092    0.06868090    3.10000002    0.00284377    0.02379493   -0.06008661   -0.01761964  no 
2.000000    3.06263835    0.06263835    3.00000000    0.00385408    0.02414102   -0.05366353   -0.01709849  no 
2.100000    2.95748153    0.05748144    2.90000010    0.00485100    0.02444834   -0.04797369   -0.01660300  no 
2.200000    2.85311890    0.05311895    2.79999995    0.00583507    0.02472021   -0.04294777   -0.01613134  no 
2.300000    2.74946826    0.04946821    2.70000005    0.00680681    0.02495958   -0.03852532   -0.01568186  no 
2.400000    2.64645212    0.04645222    2.59999990    0.00776668    0.02516906   -0.03465290   -0.01525306  no 
2.500000    2.54399841    0.04399841    2.50000000    0.00871509    0.02535096   -0.03128335   -0.01484359  no 
2.600000    2.44203816    0.04203807    2.40000010    0.00965248    0.02550736   -0.02837481   -0.01445222  no 
2.700000    2.34050628    0.04050633    2.29999995    0.01057919    0.02564013   -0.02588979   -0.01407785  no 
2.800000    2.23934316    0.03934311    2.20000005    0.01149558    0.02575094   -0.02379484   -0.01371946  no 
2.900000    2.13849371    0.03849380    2.09999990    0.01240197    0.02584132   -0.02205974   -0.01337614  no 
3.000000    2.03791017    0.03791017    2.00000000    0.01329865    0.02591267   -0.02065724   -0.01304704  no 
3.100000    1.93755091    0.03755082    1.90000010    0.01418589    0.02596624   -0.01956268   -0.01273136  no 
3.200000    1.83738126    0.03738131    1.79999995    0.01506397    0.02600320   -0.01875367   -0.01242838  no 
3.300000    1.73737386    0.03737381    1.70000005    0.01593310    0.02602460   -0.01820972   -0.01213744  no 
3.400000    1.63750658    0.03750667    1.59999990    0.01679352    0.02603142   -0.01791222   -0.01185791  no 
3.500000    1.53776356    0.03776356    1.50000000    0.01764541    0.02602459   -0.01784401   -0.01158922  no 
3.600000    1.43813279    0.03813270    1.40000010    0.01848900    0.02600492   -0.01798939   -0.01133082  no 
3.700000    1.33860600    0.03860605    1.29999995    0.01932444    0.02597321   -0.01833389   -0.01108222  no 
3.800000    1.23917856    0.03917851    1.20000005    0.02015193    0.02593018   -0.01886419   -0.01084296  no 
3.900000    1.13984705    0.03984714    1.09999990    0.02097160    0.02587653   -0.01956792   -0.01061259  no 
4.000000    1.04061061    0.04061061    1.00000000    0.02178361    0.02581287   -0.02043365   -0.01039070  no 
4.100000    0.94146876    0.04146866    0.90000010    0.02258811    0.02573981   -0.02145085   -0.01017690  no 
4.200000    0.84242175    0.04242156    0.80000019    0.02338523    0.02565791   -0.02260960   -0.00997082  no 
4.300000    0.74346968    0.04346987    0.69999981    0.02417509    0.02556771   -0.02390073   -0.00977215  no 
4.400000    0.64461409    0.04461419    0.59999990    0.02495782    0.02546969   -0.02531575   -0.00958054  no 
4.500000    0.54585481    0.04585481    0.50000000    0.02573353    0.02536434   -0.02684663   -0.00939570  no 
4.600000    0.44719187    0.04719178    0.40000010    0.02650232    0.02525210   -0.02848595   -0.00921735  no 
4.700000    0.34862486    0.04862467    0.30000019    0.02726431    0.02513339   -0.03022671   -0.00904522  no 
4.800000    0.25015248    0.05015267    0.19999981    0.02801959    0.02500862   -0.03206241   -0.00887904  no 
4.900000    0.15177434    0.05177444    0.09999990    0.02876826    0.02487815   -0.03398686   -0.00871857  no 
5.000000    0.05348835    0.05348835    0.00000000    0.02951040    0.02474236   -0.03599439   -0.00856358  BEST-STATE 
