#
# State information.
#
#


# dataset 0: For the stoma (column numbers are in brackets)
# 1  2  3  4  5  6  7  8  9  10  11  12  13  14  15  16  
t  pore-length  pore-width  stoma-length  stoma-width  pore-area  gc0-height  gc0-width  gc0-ar  gc0-surface-area  gc0-volume  gc1-height  gc1-width  gc1-ar  gc1-surface-area  gc1-volume  
0.000000   11.14299965    0.97000003   28.37500000   22.98600006    8.47358164   11.00800037   11.00800002    1.00000003  808.79361388  1648.33774713           nan           nan           nan           nan           nan 
0.100000   11.17315739    1.15790947   28.40121231   23.20591843    9.65400110   11.00424993   11.02400448    0.99820804  814.21590510  1664.56746268           nan           nan           nan           nan           nan 
0.200000   11.20134564    1.33412492   28.43375120   23.40606266   10.81861355   11.00471629   11.03596887    0.99716812  819.50402876  1680.22993215           nan           nan           nan           nan           nan 
0.300000   11.22788242    1.49050480   28.46974657   23.58528185   11.89246804   11.00656454   11.04738852    0.99630465  824.50306407  1695.02962762           nan           nan           nan           nan           nan 
0.400000   11.25250389    1.62596065   28.50683872   23.74414694   12.85166371   11.00909103   11.05909315    0.99547864  829.16457363  1708.82802783           nan           nan           nan           nan           nan 
0.500000   11.27497078    1.74240381   28.54348446   23.88462621   13.69729943   11.01219787   11.07111120    0.99467864  833.47068716  1721.65306780           nan           nan           nan           nan           nan 
0.600000   11.29522903    1.84259379   28.57876761   24.00918055   14.44031622   11.01590815   11.08329338    0.99392011  837.44342058  1733.56094668           nan           nan           nan           nan           nan 
0.700000   11.31337537    1.92922771   28.61226186   24.12022293   15.09420464   11.02023505   11.09549761    0.99321684  841.15117291  1744.63871290           nan           nan           nan           nan           nan 
0.800000   11.32959928    2.00460589   28.64382422   24.21985555   15.67170521   11.02516366   11.10762483    0.99257617  844.60673493  1754.99997222           nan           nan           nan           nan           nan 
0.900000   11.34409787    2.07061434   28.67347082   24.30984509   16.18395261   11.03065819   11.11961538    0.99199998  847.83459566  1764.78903007           nan           nan           nan           nan           nan 
1.000000   11.35707021    2.12876868   28.70129052   24.39164150   16.64031590   11.03667304   11.13143641    0.99148687  850.86097136  1774.06190232           nan           nan           nan           nan           nan 
1.100000   11.36870588    2.18028128   28.72740558   24.46642566   17.04854251   11.04315955   11.14307219    0.99103365  853.73011438  1782.83376371           nan           nan           nan           nan           nan 
1.200000   11.37916660    2.22612405   28.75195077   24.53515935   17.41500676   11.05006975   11.15451765    0.99063627  856.44446313  1791.21735064           nan           nan           nan           nan           nan 
1.300000   11.38859230    2.26708639   28.77505451   24.59863484   17.74501019   11.05735872   11.16577423    0.99029037  859.02758847  1799.25394846           nan           nan           nan           nan           nan 
1.400000   11.39710620    2.30381119   28.79683894   24.65750539   18.04295439   11.06498472   11.17684710    0.98999160  861.49049028  1806.98790174           nan           nan           nan           nan           nan 
1.500000   11.40481159    2.33682835   28.81741655   24.71231508   18.31253011   11.07291004   11.18774337    0.98973579  863.85187571  1814.43576676           nan           nan           nan           nan           nan 
1.600000   11.41179761    2.36657906   28.83688903   24.76352060   18.55685539   11.08110090   11.19847077    0.98951912  866.11796189  1821.63135207           nan           nan           nan           nan           nan 
1.700000   11.41814026    2.39343441   28.85534734   24.81150877   18.77858691   11.08952723   11.20903718    0.98933807  868.29823737  1828.60022148           nan           nan           nan           nan           nan 
1.800000   11.42390504    2.41770816   28.87287271   24.85660911   18.97999979   11.09816217   11.21945047    0.98918946  870.40394453  1835.34391794           nan           nan           nan           nan           nan 
1.900000   11.42914850    2.43966830   28.88953799   24.89910436   19.16305514   11.10698175   11.22971803    0.98907040  872.43496509  1841.91973842           nan           nan           nan           nan           nan 
2.000000   11.43391931    2.45954478   28.90540880   24.93923855   19.32945554   11.11596450   11.23984689    0.98897829  874.39999021  1848.32030640           nan           nan           nan           nan           nan 
2.100000   11.43826011    2.47753668   28.92054385   24.97722399   19.48068669   11.12509125   11.24984366    0.98891074  876.30149607  1854.53510040           nan           nan           nan           nan           nan 
2.200000   11.44220799    2.49381721   28.93499649   25.01324606   19.61805302   11.13434474   11.25971442    0.98886564  878.14967470  1860.62715995           nan           nan           nan           nan           nan 
2.300000   11.44579569    2.50853801   28.94881392   25.04746747   19.74270544   11.14370947   11.26946473    0.98884106  879.94527146  1866.57902169           nan           nan           nan           nan           nan 
2.400000   11.44905213    2.52183223   28.96203810   25.08003211   19.85566445   11.15317136   11.27909994    0.98883523  881.69259247  1872.40528689           nan           nan           nan           nan           nan 
2.500000   11.45200291    2.53381824   28.97470760   25.11106801   19.95783940   11.16271779   11.28862488    0.98884655  883.39394787  1878.10867428           nan           nan           nan           nan           nan 
2.600000   11.45467076    2.54460061   28.98685801   25.14068842   20.05004427   11.17233728   11.29804391    0.98887359  885.05235512  1883.69797747           nan           nan           nan           nan           nan 
2.700000   11.45707604    2.55427301   28.99852061   25.16899562   20.13300967   11.18201938   11.30736130    0.98891502  886.67030418  1889.17958941           nan           nan           nan           nan           nan 
2.800000   11.45923710    2.56291938   29.00972420   25.19608092   20.20739537   11.19175458   11.31658077    0.98896962  888.24848100  1894.57777595           nan           nan           nan           nan           nan 
2.900000   11.46117035    2.57061505   29.02049524   25.22202659   20.27379784   11.20153423   11.32570577    0.98903631  889.79178723  1899.85912970           nan           nan           nan           nan           nan 
3.000000   11.46289068    2.57742822   29.03085792   25.24690747   20.33275913   11.21135040   11.33473963    0.98911407  891.30100138  1905.05006959           nan           nan           nan           nan           nan 
3.100000   11.46441159    2.58342052   29.04083461   25.27079105   20.38477290   11.22119582   11.34368527    0.98920197  892.77776961  1910.15459576           nan           nan           nan           nan           nan 
3.200000   11.46574539    2.58864808   29.05044574   25.29373932   20.43029072   11.23106386   11.35254562    0.98929916  894.22323394  1915.17378107           nan           nan           nan           nan           nan 
3.300000   11.46690327    2.59316194   29.05971038   25.31580806   20.46972543   11.24094839   11.36132306    0.98940487  895.63900878  1920.11259009           nan           nan           nan           nan           nan 
3.400000   11.46789560    2.59700882   29.06864578   25.33704925   20.50345736   11.25084379   11.37002021    0.98951836  897.02639447  1924.97428608           nan           nan           nan           nan           nan 
3.500000   11.46873179    2.60023165   29.07726830   25.35751009   20.53183619   11.26074487   11.37863922    0.98963898  898.37864162  1929.78576254           nan           nan           nan           nan           nan 
3.600000   11.46942058    2.60286951   29.08559310   25.37723374   20.55518476   11.27064687   11.38718212    0.98976610  899.71276751  1934.50198792           nan           nan           nan           nan           nan 
3.700000   11.46997002    2.60495877   29.09363413   25.39626074   20.57380242   11.28054535   11.39565098    0.98989916  901.02166253  1939.14809092           nan           nan           nan           nan           nan 
3.800000   11.47038758    2.60653293   29.10140479   25.41462779   20.58796619   11.29043624   11.40404743    0.99003764  902.30664727  1943.72910902           nan           nan           nan           nan           nan 
3.900000   11.47068018    2.60762274   29.10891759   25.43236947   20.59793354   11.30031580   11.41237336    0.99018105  903.56859143  1948.24708228           nan           nan           nan           nan           nan 
4.000000   11.47085431    2.60825682   29.11618370   25.44951749   20.60394423   11.31018049   11.42063034    0.99032892  904.80800839  1952.70171443           nan           nan           nan           nan           nan 
4.100000   11.47091612    2.60846186   29.12321347   25.46610165   20.60622163   11.32002708   11.42881989    0.99048084  906.02583894  1957.09610742           nan           nan           nan           nan           nan 
4.200000   11.47087121    2.60826266   29.13001716   25.48214936   20.60497491   11.32985258   11.43694335    0.99063642  907.22281504  1961.43205948           nan           nan           nan           nan           nan 
4.300000   11.47072497    2.60768211   29.13660395   25.49768615   20.60039924   11.33965421   11.44500202    0.99079530  908.39962501  1965.71126097           nan           nan           nan           nan           nan 
4.400000   11.47048241    2.60674167   29.14298266   25.51273656   20.59267744   11.34942937   11.45299745    0.99095712  909.55691661  1969.93529640           nan           nan           nan           nan           nan 
4.500000   11.47014835    2.60546172   29.14916140   25.52732253   20.58198170   11.35917568   11.46093041    0.99112160  910.69530107  1974.10566123           nan           nan           nan           nan           nan 
4.600000   11.46972719    2.60386074   29.15514815   25.54146552   20.56847318   11.36889091   11.46880239    0.99128841  911.81535560  1978.22376614           nan           nan           nan           nan           nan 
4.700000   11.46922317    2.60195661   29.16095030   25.55518532   20.55230384   11.37857300   11.47661436    0.99145729  912.91599831  1982.29841296           nan           nan           nan           nan           nan 
4.800000   11.46864033    2.59976590   29.16657495   25.56850028   20.53361685   11.38822004   11.48436719    0.99162800  914.00086054  1986.31492382           nan           nan           nan           nan           nan 
4.900000   11.46798244    2.59730399   29.17202884   25.58142781   20.51254705   11.39783031   11.49206191    0.99180029  915.06908909  1990.28401772           nan           nan           nan           nan           nan 
5.000000   11.46725315    2.59458566   29.17731827   25.59398460   20.48922183   11.40740213   11.49969947    0.99197393  916.11795190  1994.17873353           nan           nan           nan           nan           nan 


# dataset 1: optimisation metric
# 1  2  3  4  5  6  7  8  9  
t  metric  metric_raw  dp  pc-gc0-width  pc-pore-length  pc-pore-width  pc-stoma-length  best  
0.000000    5.95716029    0.95716029    5.00000000   -0.01915709   -0.00000003   -0.61568937   -0.03492960  no 
0.100000    5.68020773    0.78020773    4.90000000   -0.01773105    0.00270640   -0.54124031   -0.03403808  no 
0.200000    5.43869060    0.63869060    4.80000000   -0.01666499    0.00523608   -0.47142436   -0.03293139  no 
0.300000    5.22800480    0.52800481    4.69999999   -0.01564746    0.00761756   -0.40946719   -0.03170714  no 
0.400000    5.04118557    0.44118557    4.59999999   -0.01460455    0.00982715   -0.35580006   -0.03044559  no 
0.500000    4.87219817    0.37219817    4.50000000   -0.01353371    0.01184338   -0.30966569   -0.02919922  no 
0.600000    4.71648877    0.31648879    4.39999998   -0.01244824    0.01366140   -0.26997077   -0.02799920  no 
0.700000    4.57076809    0.27076808    4.30000001   -0.01136081    0.01528990   -0.23564671   -0.02686001  no 
0.800000    4.43269739    0.23269740    4.19999999   -0.01028024    0.01674587   -0.20578214   -0.02578654  no 
0.900000    4.30059645    0.20059643    4.10000002   -0.00921185    0.01804701   -0.17962982   -0.02477822  no 
1.000000    4.17324410    0.17324410    4.00000000   -0.00815857    0.01921118   -0.15658927   -0.02383203  no 
1.100000    4.04974076    0.14974078    3.89999998   -0.00712179    0.02025540   -0.13618016   -0.02294383  no 
1.200000    3.92941493    0.12941498    3.79999995   -0.00610196    0.02119417   -0.11801741   -0.02210901  no 
1.300000    3.81175818    0.11175813    3.70000005   -0.00509897    0.02204005   -0.10178828   -0.02132323  no 
1.400000    3.69638455    0.09638453    3.60000002   -0.00411235    0.02280411   -0.08723804   -0.02058231  no 
1.500000    3.58300192    0.08300192    3.50000000   -0.00314146    0.02349561   -0.07415675   -0.01988244  no 
1.600000    3.47139245    0.07139247    3.39999998   -0.00218562    0.02412255   -0.06236963   -0.01922015  no 
1.700000    3.36140024    0.06140029    3.29999995   -0.00124413    0.02469176   -0.05172963   -0.01859236  no 
1.800000    3.25292334    0.05292330    3.20000005   -0.00031627    0.02520910   -0.04211246   -0.01799630  no 
1.900000    3.14590494    0.04590491    3.10000002    0.00059859    0.02567966   -0.03341193   -0.01742949  no 
2.000000    3.04032160    0.04032160    3.00000000    0.00150110    0.02610781   -0.02553693   -0.01688971  no 
2.100000    2.93615909    0.03615900    2.90000010    0.00239184    0.02649736   -0.01840861   -0.01637495  no 
2.200000    2.83337452    0.03337457    2.79999995    0.00327136    0.02685166   -0.01195832   -0.01588339  no 
2.300000    2.73185826    0.03185822    2.70000005    0.00414013    0.02717362   -0.00612599   -0.01541344  no 
2.400000    2.63141761    0.03141771    2.59999990    0.00499866    0.02746586   -0.00085886   -0.01496367  no 
2.500000    2.53180523    0.03180523    2.50000000    0.00584736    0.02773068    0.00388995   -0.01453277  no 
2.600000    2.43276737    0.03276728    2.40000010    0.00668662    0.02797009    0.00816189   -0.01411952  no 
2.700000    2.33408492    0.03408497    2.29999995    0.00751682    0.02818595    0.01199406   -0.01372286  no 
2.800000    2.23559011    0.03559007    2.20000005    0.00833830    0.02837989    0.01541972   -0.01334181  no 
2.900000    2.13716266    0.03716275    2.09999990    0.00915136    0.02855338    0.01846872   -0.01297547  no 
3.000000    2.03872199    0.03872199    2.00000000    0.00995631    0.02870777    0.02116808   -0.01262302  no 
3.100000    1.94021505    0.04021495    1.90000010    0.01075339    0.02884426    0.02354220   -0.01228370  no 
3.200000    1.84160856    0.04160861    1.79999995    0.01154287    0.02896396    0.02561334   -0.01195681  no 
3.300000    1.74288337    0.04288332    1.70000005    0.01232496    0.02906787    0.02740172   -0.01164171  no 
3.400000    1.64402849    0.04402859    1.59999990    0.01309990    0.02915692    0.02892584   -0.01133781  no 
3.500000    1.54504002    0.04504002    1.50000000    0.01386788    0.02923197    0.03020271   -0.01104454  no 
3.600000    1.44591739    0.04591729    1.40000010    0.01462908    0.02929378    0.03124783   -0.01076141  no 
3.700000    1.34666287    0.04666292    1.29999995    0.01538367    0.02934309    0.03207558   -0.01048792  no 
3.800000    1.24728130    0.04728125    1.20000005    0.01613182    0.02938056    0.03269926   -0.01022363  no 
3.900000    1.14777775    0.04777785    1.09999990    0.01687368    0.02940682    0.03313104   -0.00996811  no 
4.000000    1.04815911    0.04815911    1.00000000    0.01760940    0.02942245    0.03338226   -0.00972098  no 
4.100000    0.94843214    0.04843205    0.90000010    0.01833912    0.02942799    0.03346349   -0.00948189  no 
4.200000    0.84860418    0.04860399    0.80000019    0.01906294    0.02942396    0.03338457   -0.00925049  no 
4.300000    0.74868230    0.04868249    0.69999981    0.01978099    0.02941084    0.03315456   -0.00902646  no 
4.400000    0.64867519    0.04867529    0.59999990    0.02049340    0.02938907    0.03278196   -0.00880951  no 
4.500000    0.54859033    0.04859033    0.50000000    0.02120025    0.02935909    0.03227485   -0.00859937  no 
4.600000    0.44843562    0.04843552    0.40000010    0.02190167    0.02932129    0.03164055   -0.00839575  no 
4.700000    0.34821921    0.04821902    0.30000019    0.02259773    0.02927606    0.03088614   -0.00819841  no 
4.800000    0.24794883    0.04794902    0.19999981    0.02328853    0.02922376    0.03001818   -0.00800711  no 
4.900000    0.14763370    0.04763379    0.09999990    0.02397415    0.02916472    0.02904278   -0.00782162  no 
5.000000    0.04728183    0.04728183    0.00000000    0.02465468    0.02909927    0.02796579   -0.00764172  BEST-STATE 
