#
# State information.
#
#


# dataset 0: For the stoma (column numbers are in brackets)
# 1  2  3  4  5  6  7  8  9  10  11  12  13  14  15  16  
t  pore-length  pore-width  stoma-length  stoma-width  pore-area  gc0-height  gc0-width  gc0-ar  gc0-surface-area  gc0-volume  gc1-height  gc1-width  gc1-ar  gc1-surface-area  gc1-volume  
0.000000   11.49300003    1.42499995   30.41900063   21.44899940   12.84322540   10.01200008   10.01199973    1.00000004  810.14520230  1536.31905193           nan           nan           nan           nan           nan 
0.100000   11.49685492    1.48934183   30.42542097   21.53190386   13.23418301   10.01591596   10.02128102    0.99946463  812.31753010  1543.09694124           nan           nan           nan           nan           nan 
0.200000   11.50039092    1.55290666   30.43311086   21.61087964   13.63262544   10.02131682   10.02898649    0.99923525  814.50797084  1549.75912652           nan           nan           nan           nan           nan 
0.300000   11.50381805    1.61350732   30.44189810   21.68540984   14.02176596   10.02748199   10.03595126    0.99915611  816.65838944  1556.32989851           nan           nan           nan           nan           nan 
0.400000   11.50722792    1.66989489   30.45155371   21.75510994   14.39104105   10.03403788   10.04260752    0.99914667  818.75349231  1562.73731895           nan           nan           nan           nan           nan 
0.500000   11.51062960    1.72151086   30.46182253   21.81983945   14.73468746   10.04079682   10.04916430    0.99916735  820.77685294  1568.92418338           nan           nan           nan           nan           nan 
0.600000   11.51398598    1.76826301   30.47245759   21.87968305   15.05035869   10.04766880   10.05571002    0.99920033  822.72525174  1574.89119740           nan           nan           nan           nan           nan 
0.700000   11.51724255    1.81034070   30.48324402   21.93488303   15.33791520   10.05461303   10.06227116    0.99923893  824.59868360  1580.63494618           nan           nan           nan           nan           nan 
0.800000   11.52034556    1.84808010   30.49400924   21.98577023   15.59850185   10.06161194   10.06884506    0.99928163  826.38764003  1586.18104394           nan           nan           nan           nan           nan 
0.900000   11.52325122    1.88187611   30.50462288   22.03271097   15.83391658   10.06865769   10.07541743    0.99932909  828.10896959  1591.47573320           nan           nan           nan           nan           nan 
1.000000   11.52592840    1.91213077   30.51499186   22.07607269   16.04621673   10.07574577   10.08197096    0.99938254  829.75279569  1596.57212149           nan           nan           nan           nan           nan 
1.100000   11.52835801    1.93922567   30.52505314   22.11620486   16.23749098   10.08287209   10.08848959    0.99944318  831.32933786  1601.48826046           nan           nan           nan           nan           nan 
1.200000   11.53053112    1.96350926   30.53476691   22.15342897   16.40973672   10.09003197   10.09495986    0.99951185  832.84178003  1606.22570032           nan           nan           nan           nan           nan 
1.300000   11.53244650    1.98529285   30.54411069   22.18803561   16.56480242   10.09721991   10.10137138    0.99958902  834.29498244  1610.80295388           nan           nan           nan           nan           nan 
1.400000   11.53410856    2.00485134   30.55307445   22.22028399   16.70436652   10.10442976   10.10771632    0.99967485  835.69169410  1615.21866176           nan           nan           nan           nan           nan 
1.500000   11.53552555    2.02242547   30.56165704   22.25040436   16.82993660   10.11165497   10.11398944    0.99976918  837.03632643  1619.48975887           nan           nan           nan           nan           nan 
1.600000   11.53670821    2.03822583   30.56986348   22.27860022   16.94285867   10.11888883   10.12018719    0.99987171  838.32408576  1623.65168395           nan           nan           nan           nan           nan 
1.700000   11.53766875    2.05243635   30.57770291   22.30505157   17.04433115   10.12612469   10.12630761    0.99998194  839.57477059  1627.66171274           nan           nan           nan           nan           nan 
1.800000   11.53842014    2.06521791   30.58518714   22.32991743   17.13541998   10.13335607   10.13234976    1.00009932  840.78300668  1631.55365015           nan           nan           nan           nan           nan 
1.900000   11.53897556    2.07671142   30.59232965   22.35333848   17.21707392   10.14057684   10.13831353    1.00022324  841.95147355  1635.33477492           nan           nan           nan           nan           nan 
2.000000   11.53934808    2.08704054   30.59914480   22.37543964   17.29013841   10.14778121   10.14419955    1.00035307  843.08261604  1639.01169494           nan           nan           nan           nan           nan 
2.100000   11.53955043    2.09631449   30.60564736   22.39633191   17.35536815   10.15496384   10.15000871    1.00048819  844.17717960  1642.57574562           nan           nan           nan           nan           nan 
2.200000   11.53959486    2.10462952   30.61185208   22.41611415   17.41343844   10.16211979   10.15574232    1.00062797  845.24017866  1646.06173620           nan           nan           nan           nan           nan 
2.300000   11.53949302    2.11207116   30.61777350   22.43487477   17.46495487   10.16924459   10.16140181    1.00077182  846.27199085  1649.45998530           nan           nan           nan           nan           nan 
2.400000   11.53925592    2.11871541   30.62342581   22.45269299   17.51046200   10.17633414   10.16698879    1.00091919  847.27432623  1652.77505014           nan           nan           nan           nan           nan 
2.500000   11.53889398    2.12463009   30.62882264   22.46963978   17.55045044   10.18338479   10.17250484    1.00106954  848.24875560  1656.01110816           nan           nan           nan           nan           nan 
2.600000   11.53841691    2.12987596   30.63397709   22.48577952   17.58536353   10.19039327   10.17795178    1.00122240  849.19744509  1659.17909990           nan           nan           nan           nan           nan 
2.700000   11.53783387    2.13450754   30.63890168   22.50116992   17.61560294   10.19735663   10.18333119    1.00137729  850.12028517  1662.26835082           nan           nan           nan           nan           nan 
2.800000   11.53715336    2.13857400   30.64360832   22.51586354   17.64153311   10.20427227   10.18864477    1.00153382  851.01922889  1665.28922461           nan           nan           nan           nan           nan 
2.900000   11.53638335    2.14211971   30.64810829   22.52990782   17.66348563   10.21113795   10.19389406    1.00169159  851.89541681  1668.24473879           nan           nan           nan           nan           nan 
3.000000   11.53553125    2.14518487   30.65241231   22.54334617   17.68176294   10.21795164   10.19908065    1.00185026  852.74990754  1671.13769312           nan           nan           nan           nan           nan 
3.100000   11.53460397    2.14780593   30.65653051   22.55621815   17.69664134   10.22471163   10.20420611    1.00200952  853.58368518  1673.97069027           nan           nan           nan           nan           nan 
3.200000   11.53360793    2.15001619   30.66047247   22.56855977   17.70837366   10.23141640   10.20927179    1.00216907  854.39766673  1676.74615585           nan           nan           nan           nan           nan 
3.300000   11.53254911    2.15184587   30.66424724   22.58040416   17.71719185   10.23806469   10.21427915    1.00232866  855.19270807  1679.46635476           nan           nan           nan           nan           nan 
3.400000   11.53143309    2.15332276   30.66786335   22.59178162   17.72330893   10.24465542   10.21922943    1.00248805  855.96960966  1682.13340666           nan           nan           nan           nan           nan 
3.500000   11.53026505    2.15447217   30.67132887   22.60272026   17.72692105   10.25118768   10.22412404    1.00264704  856.72912113  1684.74929938           nan           nan           nan           nan           nan 
3.600000   11.52904980    2.15531749   30.67465144   22.61324561   17.72820879   10.25766073   10.22896406    1.00280543  857.47194647  1687.31590122           nan           nan           nan           nan           nan 
3.700000   11.52779183    2.15588009   30.67783824   22.62338150   17.72733899   10.26407403   10.23375070    1.00296307  858.19874662  1689.83496855           nan           nan           nan           nan           nan 
3.800000   11.52649531    2.15617973   30.68089604   22.63314998   17.72446574   10.27042705   10.23848513    1.00311979  858.91014395  1692.30815893           nan           nan           nan           nan           nan 
3.900000   11.52516410    2.15623468   30.68383127   22.64257133   17.71973171   10.27671954   10.24316832    1.00327547  859.60672542  1694.73703769           nan           nan           nan           nan           nan 
4.000000   11.52380183    2.15606177   30.68665001   22.65166438   17.71326896   10.28295127   10.24780130    1.00343000  860.28904462  1697.12308391           nan           nan           nan           nan           nan 
4.100000   11.52241184    2.15567660   30.68935797   22.66044676   17.70520011   10.28912207   10.25238508    1.00358326  860.95762536  1699.46770216           nan           nan           nan           nan           nan 
4.200000   11.52099726    2.15509361   30.69196054   22.66893458   17.69563895   10.29523197   10.25692049    1.00373518  861.61296281  1701.77222049           nan           nan           nan           nan           nan 
4.300000   11.51956098    2.15432620   30.69446287   22.67714334   17.68469141   10.30128101   10.26140857    1.00388567  862.25366758  1704.01983954           nan           nan           nan           nan           nan 
4.400000   11.51810570    2.15338695   30.69686982   22.68508685   17.67245569   10.30726928   10.26584995    1.00403467  862.88390544  1706.24789844           nan           nan           nan           nan           nan 
4.500000   11.51663392    2.15228730   30.69918597   22.69277859   17.65902361   10.31319702   10.27024564    1.00418212  863.50223746  1708.43946657           nan           nan           nan           nan           nan 
4.600000   11.51514799    2.15103817   30.70141566   22.70023096   17.64448038   10.31906447   10.27459639    1.00432796  864.10906649  1710.59563865           nan           nan           nan           nan           nan 
4.700000   11.51365005    2.14964956   30.70356297   22.70745540   17.62890587   10.32487190   10.27890292    1.00447217  864.70477457  1712.71745292           nan           nan           nan           nan           nan 
4.800000   11.51214214    2.14813095   30.70563185   22.71446288   17.61237432   10.33061969   10.28316596    1.00461470  865.28972618  1714.80590496           nan           nan           nan           nan           nan 
4.900000   11.51062611    2.14649111   30.70762596   22.72126353   17.59495507   10.33630824   10.28738621    1.00475554  865.86426839  1716.86194489           nan           nan           nan           nan           nan 
5.000000   11.50910371    2.14473814   30.70954880   22.72786689   17.57671310   10.34193796   10.29156438    1.00489465  866.42873323  1718.88648489           nan           nan           nan           nan           nan 


# dataset 1: optimisation metric
# 1  2  3  4  5  6  7  8  9  
t  metric  metric_raw  dp  pc-gc0-width  pc-pore-length  pc-pore-width  pc-stoma-length  best  
0.000000    5.43640725    0.43640725    5.00000000   -0.04356136    0.00000000   -0.35197819    0.01620233  no 
0.100000    5.29243949    0.39243949    4.90000000   -0.04267472    0.00033542   -0.32271859    0.01641682  no 
0.200000    5.15089304    0.35089304    4.80000000   -0.04193862    0.00064308   -0.29381234    0.01667371  no 
0.300000    5.01290253    0.31290254    4.69999999   -0.04127328    0.00094127   -0.26625406    0.01696726  no 
0.400000    4.87888108    0.27888108    4.59999999   -0.04063742    0.00123796   -0.24061169    0.01728983  no 
0.500000    4.74880210    0.24880210    4.50000000   -0.04001105    0.00153394   -0.21713922    0.01763288  no 
0.600000    4.62240046    0.22240048    4.39999998   -0.03938575    0.00182598   -0.19587858    0.01798816  no 
0.700000    4.49930657    0.19930656    4.30000001   -0.03875896    0.00210933   -0.17674366    0.01834850  no 
0.800000    4.37912654    0.17912655    4.19999999   -0.03813096    0.00237932   -0.15958158    0.01870813  no 
0.900000    4.26148538    0.16148536    4.10000002   -0.03750311    0.00263214   -0.14421277    0.01906270  no 
1.000000    4.14604535    0.14604535    4.00000000   -0.03687706    0.00286508   -0.13045440    0.01940910  no 
1.100000    4.03251191    0.13251193    3.89999998   -0.03625434    0.00307648   -0.11813294    0.01974521  no 
1.200000    3.92063232    0.12063236    3.79999995   -0.03563624    0.00326556   -0.10708992    0.02006972  no 
1.300000    3.81019149    0.11019145    3.70000005   -0.03502375    0.00343222   -0.09718379    0.02038186  no 
1.400000    3.70100634    0.10100632    3.60000002   -0.03441762    0.00357683   -0.08828952    0.02068131  no 
1.500000    3.59292152    0.09292152    3.50000000   -0.03381836    0.00370013   -0.08029765    0.02096803  no 
1.600000    3.48580414    0.08580416    3.39999998   -0.03322629    0.00380303   -0.07311240    0.02124218  no 
1.700000    3.37954000    0.07954005    3.29999995   -0.03264161    0.00388661   -0.06665014    0.02150407  no 
1.800000    3.27403035    0.07403031    3.20000005   -0.03206441    0.00395198   -0.06083769    0.02175410  no 
1.900000    3.16918871    0.06918868    3.10000002   -0.03149470    0.00400031   -0.05561100    0.02199271  no 
2.000000    3.06493934    0.06493934    3.00000000   -0.03093241    0.00403272   -0.05091380    0.02222038  no 
2.100000    2.96121510    0.06121501    2.90000010   -0.03037746    0.00405033   -0.04669646    0.02243761  no 
2.200000    2.85795574    0.05795578    2.79999995   -0.02982974    0.00405419   -0.04291518    0.02264489  no 
2.300000    2.75510800    0.05510795    2.70000005   -0.02928909    0.00404533   -0.03953108    0.02284270  no 
2.400000    2.65262321    0.05262331    2.59999990   -0.02875537    0.00402470   -0.03650959    0.02303153  no 
2.500000    2.55045854    0.05045854    2.50000000   -0.02822843    0.00399321   -0.03381988    0.02321182  no 
2.600000    2.44857489    0.04857480    2.40000010   -0.02770808    0.00395170   -0.03143431    0.02338401  no 
2.700000    2.34693733    0.04693738    2.29999995   -0.02719419    0.00390097   -0.02932809    0.02354853  no 
2.800000    2.24551549    0.04551545    2.20000005   -0.02668659    0.00384176   -0.02747885    0.02370576  no 
2.900000    2.14428171    0.04428180    2.09999990   -0.02618513    0.00377476   -0.02586644    0.02385609  no 
3.000000    2.04321264    0.04321264    2.00000000   -0.02568966    0.00370062   -0.02447254    0.02399988  no 
3.100000    1.94228742    0.04228732    1.90000010   -0.02520003    0.00361994   -0.02328061    0.02413745  no 
3.200000    1.84148807    0.04148812    1.79999995   -0.02471611    0.00353327   -0.02227549    0.02426914  no 
3.300000    1.74080003    0.04079998    1.70000005   -0.02423776    0.00344115   -0.02144344    0.02439524  no 
3.400000    1.64021016    0.04021026    1.59999990   -0.02376486    0.00334404   -0.02077183    0.02451605  no 
3.500000    1.53970846    0.03970846    1.50000000   -0.02329728    0.00324241   -0.02024913    0.02463182  no 
3.600000    1.43928609    0.03928599    1.40000010   -0.02283492    0.00313667   -0.01986472    0.02474282  no 
3.700000    1.33893588    0.03893592    1.29999995   -0.02237766    0.00302722   -0.01960887    0.02484928  no 
3.800000    1.23865280    0.03865275    1.20000005   -0.02192538    0.00291441   -0.01947261    0.02495143  no 
3.900000    1.13843208    0.03843217    1.09999990   -0.02147800    0.00279858   -0.01944762    0.02504948  no 
4.000000    1.03827092    0.03827092    1.00000000   -0.02103541    0.00268005   -0.01952625    0.02514365  no 
4.100000    0.93816665    0.03816656    0.90000010   -0.02059753    0.00255911   -0.01970141    0.02523411  no 
4.200000    0.83811752    0.03811732    0.80000019   -0.02016426    0.00243603   -0.01996653    0.02532106  no 
4.300000    0.73812178    0.03812197    0.69999981   -0.01973552    0.00231106   -0.02031551    0.02540465  no 
4.400000    0.63817955    0.03817964    0.59999990   -0.01931124    0.00218443   -0.02074263    0.02548506  no 
4.500000    0.53828980    0.03828980    0.50000000   -0.01889132    0.00205638   -0.02124270    0.02556244  no 
4.600000    0.43845212    0.03845202    0.40000010   -0.01847570    0.00192708   -0.02181075    0.02563692  no 
4.700000    0.33866624    0.03866605    0.30000019   -0.01806430    0.00179675   -0.02244222    0.02570866  no 
4.800000    0.23893142    0.03893161    0.19999981   -0.01765705    0.00166555   -0.02313281    0.02577777  no 
4.900000    0.13924832    0.03924842    0.09999990   -0.01725390    0.00153364   -0.02387853    0.02584439  no 
5.000000    0.03961614    0.03961614    0.00000000   -0.01685476    0.00140118   -0.02467570    0.02590863  BEST-STATE 
