#
# State information.
#
#


# dataset 0: For the stoma (column numbers are in brackets)
# 1  2  3  4  5  6  7  8  9  10  11  12  13  14  15  16  
t  pore-length  pore-width  stoma-length  stoma-width  pore-area  gc0-height  gc0-width  gc0-ar  gc0-surface-area  gc0-volume  gc1-height  gc1-width  gc1-ar  gc1-surface-area  gc1-volume  
0.000000   11.14299965    0.97000003   28.37500000   22.98600006    8.47358164   11.00800037   11.00800002    1.00000003  808.79361388  1648.33774713           nan           nan           nan           nan           nan 
0.100000   11.17644371    1.17858759   28.40455848   23.22922654    9.78822014   11.00405582   11.02531948    0.99807138  814.80853731  1666.31326895           nan           nan           nan           nan           nan 
0.200000   11.20759551    1.37184319   28.44158761   23.44836491   11.07441978   11.00481080   11.03826086    0.99696963  820.63865871  1683.57431223           nan           nan           nan           nan           nan 
0.300000   11.23675095    1.54059541   28.48234012   23.64230627   12.24391042   11.00699235   11.05085543    0.99603080  826.12119246  1699.77623588           nan           nan           nan           nan           nan 
0.400000   11.26354102    1.68454963   28.52390391   23.81228751   13.27403006   11.00992369   11.06386894    0.99512420  831.17960473  1714.76995258           nan           nan           nan           nan           nan 
0.500000   11.28770752    1.80670363   28.56449737   23.96115249   14.17115012   11.01355577   11.07722443    0.99425229  835.82743149  1728.59570460           nan           nan           nan           nan           nan 
0.600000   11.30924280    1.91070747   28.60317263   24.09213495   14.95144165   11.01792358   11.09071374    0.99343684  840.10240575  1741.40729277           nan           nan           nan           nan           nan 
0.700000   11.32833849    1.99985301   28.63955909   24.20820224   15.63221841   11.02302692   11.10417461    0.99269215  844.07027231  1753.26296543           nan           nan           nan           nan           nan 
0.800000   11.34525593    2.07684469   28.67359564   24.31185508   16.22904195   11.02883062   11.11750519    0.99202388  847.74860506  1764.37158349           nan           nan           nan           nan           nan 
0.900000   11.36025146    2.14382887   28.70537099   24.40512800   16.75497729   11.03527916   11.13064957    0.99143173  851.17694587  1774.84391357           nan           nan           nan           nan           nan 
1.000000   11.37357594    2.20249104   28.73503652   24.48965335   17.22070878   11.04230946   11.14358115    0.99091211  854.40578795  1784.69663074           nan           nan           nan           nan           nan 
1.100000   11.38545284    2.25415730   28.76276860   24.56673694   17.63490619   11.04985902   11.15628982    0.99046002  857.44571815  1794.07056883           nan           nan           nan           nan           nan 
1.200000   11.39606655    2.29988253   28.78873858   24.63743448   18.00464528   11.05786873   11.16877598    0.99006988  860.32602394  1803.02254914           nan           nan           nan           nan           nan 
1.300000   11.40557894    2.34051204   28.81310773   24.70260322   18.33572117   11.06628437   11.18104559    0.98973609  863.06276806  1811.61102128           nan           nan           nan           nan           nan 
1.400000   11.41412500    2.37673104   28.83602336   24.76294577   18.63291949   11.07505715   11.19310737    0.98945331  865.67671611  1819.85737082           nan           nan           nan           nan           nan 
1.500000   11.42181903    2.40910137   28.85761794   24.81904376   18.90022751   11.08414376   11.20497119    0.98921662  868.17861242  1827.80804555           nan           nan           nan           nan           nan 
1.600000   11.42875752    2.43808937   28.87800837   24.87138331   19.14100227   11.09350606   11.21664697    0.98902159  870.58331411  1835.47428133           nan           nan           nan           nan           nan 
1.700000   11.43502247    2.46408522   28.89729857   24.92037416   19.35808733   11.10311030   11.22814447    0.98886422  872.89365297  1842.92120988           nan           nan           nan           nan           nan 
1.800000   11.44068384    2.48741817   28.91558063   24.96636403   19.55391009   11.11292661   11.23947293    0.98874090  875.12076475  1850.14800111           nan           nan           nan           nan           nan 
1.900000   11.44580156    2.50836861   28.93293637   25.00965023   19.73055822   11.12292853   11.25064081    0.98864844  877.26914563  1857.14940219           nan           nan           nan           nan           nan 
2.000000   11.45042723    2.52717650   28.94943869   25.05048919   19.88983839   11.13309252   11.26165634    0.98858393  879.35040036  1863.99103497           nan           nan           nan           nan           nan 
2.100000   11.45460567    2.54404938   28.96515340   25.08910298   20.03332527   11.14339763   11.27252680    0.98854479  881.36781565  1870.66660230           nan           nan           nan           nan           nan 
2.200000   11.45837599    2.55916762   28.98013777   25.12568545   20.16239934   11.15382509   11.28325891    0.98852868  883.32529488  1877.18300215           nan           nan           nan           nan           nan 
2.300000   11.46177256    2.57268882   28.99444282   25.16040683   20.27827604   11.16435806   11.29385900    0.98853351  885.22721384  1883.55255425           nan           nan           nan           nan           nan 
2.400000   11.46482548    2.58475137   29.00811535   25.19341683   20.38203358   11.17498146   11.30433273    0.98855737  887.07487745  1889.79562364           nan           nan           nan           nan           nan 
2.500000   11.46756142    2.59547782   29.02119762   25.22484875   20.47463068   11.18568166   11.31468546    0.98859855  888.87599530  1895.89709887           nan           nan           nan           nan           nan 
2.600000   11.47000420    2.60497701   29.03372681   25.25482106   20.55692533   11.19644633   11.32492203    0.98865549  890.63264099  1901.88731882           nan           nan           nan           nan           nan 
2.700000   11.47217500    2.61334598   29.04573733   25.28343916   20.62968740   11.20726430   11.33504659    0.98872680  892.34513513  1907.75368513           nan           nan           nan           nan           nan 
2.800000   11.47409284    2.62067139   29.05726027   25.31079817   20.69361104   11.21812548   11.34506339    0.98881118  894.00893118  1913.53483542           nan           nan           nan           nan           nan 
2.900000   11.47577482    2.62703168   29.06832421   25.33698392   20.74932479   11.22902061   11.35497612    0.98890746  895.64205252  1919.18840863           nan           nan           nan           nan           nan 
3.000000   11.47723642    2.63249719   29.07895529   25.36207366   20.79739857   11.23994131   11.36478823    0.98901458  897.23560540  1924.75339198           nan           nan           nan           nan           nan 
3.100000   11.47849172    2.63713181   29.08917719   25.38613772   20.83835233   11.25087991   11.37450296    0.98913157  898.79710856  1930.21379909           nan           nan           nan           nan           nan 
3.200000   11.47955364    2.64099360   29.09901196   25.40924001   20.87266026   11.26182935   11.38412321    0.98925751  900.32546815  1935.58499787           nan           nan           nan           nan           nan 
3.300000   11.48043373    2.64413536   29.10847992   25.43143868   20.90075729   11.27278322   11.39365166    0.98939160  901.82185236  1940.86834091           nan           nan           nan           nan           nan 
3.400000   11.48114282    2.64660549   29.11759984   25.45278716   20.92304309   11.28373560   11.40309083    0.98953308  903.28778759  1946.06838462           nan           nan           nan           nan           nan 
3.500000   11.48169076    2.64844823   29.12638915   25.47333479   20.93988545   11.29468107   11.41244328    0.98968124  904.72453723  1951.18825041           nan           nan           nan           nan           nan 
3.600000   11.48208669    2.64970422   29.13486433   25.49312615   20.95162417   11.30561468   11.42171097    0.98983547  906.13327012  1956.23081549           nan           nan           nan           nan           nan 
3.700000   11.48233902    2.65041101   29.14304060   25.51220298   20.95857361   11.31653178   11.43089598    0.98999517  907.51493421  1961.19770783           nan           nan           nan           nan           nan 
3.800000   11.48245570    2.65060306   29.15093148   25.53060341   20.96102508   11.32742816   11.44000018    0.99015979  908.86936051  1966.10168887           nan           nan           nan           nan           nan 
3.900000   11.48244405    2.65031230   29.15854985   25.54836345   20.95924957   11.33829993   11.44902557    0.99032882  910.20025531  1970.92764893           nan           nan           nan           nan           nan 
4.000000   11.48231089    2.64956844   29.16590804   25.56551576   20.95349887   11.34914348   11.45797366    0.99050179  911.50985113  1975.67392562           nan           nan           nan           nan           nan 
4.100000   11.48206273    2.64839900   29.17301720   25.58209109   20.94400799   11.35995549   11.46684605    0.99067829  912.79339017  1980.36647241           nan           nan           nan           nan           nan 
4.200000   11.48170558    2.64682937   29.17988783   25.59811807   20.93099643   11.37073287   11.47564435    0.99085790  914.05443604  1984.99522417           nan           nan           nan           nan           nan 
4.300000   11.48124513    2.64488351   29.18652987   25.61362314   20.91466956   11.38147280   11.48436981    0.99104026  915.29372093  1989.56195903           nan           nan           nan           nan           nan 
4.400000   11.48068672    2.64258361   29.19295281   25.62863111   20.89521964   11.39217272   11.49302375    0.99122502  916.51193337  1994.06834807           nan           nan           nan           nan           nan 
4.500000   11.48003539    2.63995051   29.19916558   25.64316535   20.87282720   11.40283015   11.50160742    0.99141187  917.70963046  1998.51523973           nan           nan           nan           nan           nan 
4.600000   11.47929597    2.63700342   29.20517659   25.65724778   20.84766185   11.41344297   11.51012218    0.99160051  918.88443778  2002.87759812           nan           nan           nan           nan           nan 
4.700000   11.47847292    2.63376081   29.21099389   25.67089868   20.81988287   11.42400905   11.51856893    0.99179066  920.04330496  2007.21284954           nan           nan           nan           nan           nan 
4.800000   11.47757053    2.63023973   29.21662503   25.68413734   20.78964061   11.43452659   11.52694881    0.99198207  921.18341788  2011.49289846           nan           nan           nan           nan           nan 
4.900000   11.47659290    2.62645614   29.22207719   25.69698191   20.75707627   11.44499385   11.53526288    0.99217451  922.30539430  2015.71971949           nan           nan           nan           nan           nan 
5.000000   11.47554392    2.62242532   29.22735721   25.70944905   20.72232347   11.45540923   11.54351187    0.99236778  923.40970468  2019.89448887           nan           nan           nan           nan           nan 


# dataset 1: optimisation metric
# 1  2  3  4  5  6  7  8  9  
t  metric  metric_raw  dp  pc-gc0-width  pc-pore-length  pc-pore-width  pc-stoma-length  best  
0.000000    5.95716029    0.95716029    5.00000000   -0.01915709   -0.00000003   -0.61568937   -0.03492960  no 
0.100000    5.66252286    0.76252286    4.90000000   -0.01761388    0.00300132   -0.53304771   -0.03392427  no 
0.200000    5.41084643    0.61084644    4.80000000   -0.01646076    0.00579696   -0.45648051   -0.03266487  no 
0.300000    5.19501005    0.49501006    4.69999999   -0.01533855    0.00841344   -0.38962147   -0.03127882  no 
0.400000    5.00587592    0.40587593    4.59999999   -0.01417901    0.01081765   -0.33258731   -0.02986518  no 
0.500000    4.83608986    0.33608986    4.50000000   -0.01298900    0.01298641   -0.28419032   -0.02848455  no 
0.600000    4.68037337    0.28037339    4.39999998   -0.01178707    0.01491903   -0.24298436   -0.02716915  no 
0.700000    4.53507060    0.23507059    4.30000001   -0.01058767    0.01663273   -0.20766521   -0.02593160  no 
0.800000    4.39764917    0.19764918    4.19999999   -0.00939988    0.01815094   -0.17716137   -0.02477397  no 
0.900000    4.26633444    0.16633442    4.10000002   -0.00822868    0.01949668   -0.15062248   -0.02369325  no 
1.000000    4.13986455    0.13986455    4.00000000   -0.00707644    0.02069245   -0.12738073   -0.02268429  no 
1.100000    4.01733100    0.11733102    3.89999998   -0.00594406    0.02175831   -0.10691074   -0.02174109  no 
1.200000    3.89807454    0.09807459    3.79999995   -0.00483151    0.02271081   -0.08879456   -0.02085781  no 
1.300000    3.78162331    0.08162326    3.70000005   -0.00373825    0.02356447   -0.07269729   -0.02002899  no 
1.400000    3.66765453    0.06765451    3.60000002   -0.00266352    0.02433142   -0.05834745   -0.01924960  no 
1.500000    3.55597649    0.05597649    3.50000000   -0.00160642    0.02502190   -0.04552244   -0.01851514  no 
1.600000    3.44651994    0.04651996    3.39999998   -0.00056607    0.02564458   -0.03403749   -0.01782163  no 
1.700000    3.33932415    0.03932420    3.29999995    0.00045839    0.02620681   -0.02373803   -0.01716555  no 
1.800000    3.23447712    0.03447708    3.20000005    0.00146778    0.02671487   -0.01449359   -0.01654375  no 
1.900000    3.13197085    0.03197082    3.10000002    0.00246287    0.02717415   -0.00619310   -0.01595346  no 
2.000000    3.03153901    0.03153901    3.00000000    0.00344439    0.02758927    0.00125852   -0.01539219  no 
2.100000    2.93266116    0.03266107    2.90000010    0.00441297    0.02796425    0.00794350   -0.01485772  no 
2.200000    2.83475539    0.03475544    2.79999995    0.00536923    0.02830261    0.01393329   -0.01434808  no 
2.300000    2.73735093    0.03735088    2.70000005    0.00631373    0.02860743    0.01929034   -0.01386155  no 
2.400000    2.64012974    0.04012984    2.59999990    0.00724697    0.02888140    0.02406948   -0.01339653  no 
2.500000    2.54289866    0.04289866    2.50000000    0.00816943    0.02912693    0.02831926   -0.01295158  no 
2.600000    2.44554589    0.04554580    2.40000010    0.00908153    0.02934615    0.03208281   -0.01252545  no 
2.700000    2.34801008    0.04801013    2.29999995    0.00998366    0.02954097    0.03539857   -0.01211695  no 
2.800000    2.25026068    0.05026063    2.20000005    0.01087618    0.02971308    0.03830087   -0.01172504  no 
2.900000    2.15228424    0.05228434    2.09999990    0.01175943    0.02986402    0.04082079   -0.01134874  no 
3.000000    2.05407881    0.05407881    2.00000000    0.01263372    0.02999519    0.04298621   -0.01098717  no 
3.100000    1.95564805    0.05564796    1.90000010    0.01349933    0.03010785    0.04482243   -0.01063951  no 
3.200000    1.85699931    0.05699936    1.79999995    0.01435652    0.03020314    0.04635245   -0.01030501  no 
3.300000    1.75814269    0.05814264    1.70000005    0.01520553    0.03028213    0.04759721   -0.00998300  no 
3.400000    1.65908846    0.05908856    1.59999990    0.01604659    0.03034576    0.04857587   -0.00967282  no 
3.500000    1.55984835    0.05984835    1.50000000    0.01687991    0.03039494    0.04930595   -0.00937388  no 
3.600000    1.46043347    0.06043337    1.40000010    0.01770569    0.03043047    0.04980357   -0.00908563  no 
3.700000    1.36085491    0.06085496    1.29999995    0.01852410    0.03045311    0.05008360   -0.00880754  no 
3.800000    1.26112423    0.06112418    1.20000005    0.01933531    0.03046358    0.05015969   -0.00853916  no 
3.900000    1.16125179    0.06125188    1.09999990    0.02013950    0.03046254    0.05004449   -0.00828005  no 
4.000000    1.06124862    0.06124862    1.00000000    0.02093680    0.03045059    0.04974978   -0.00802979  no 
4.100000    0.96112481    0.06112471    0.90000010    0.02172735    0.03042832    0.04928645   -0.00778800  no 
4.200000    0.86089032    0.06089013    0.80000019    0.02251130    0.03039626    0.04866457   -0.00755432  no 
4.300000    0.76055453    0.06055472    0.69999981    0.02328877    0.03035494    0.04789363   -0.00732842  no 
4.400000    0.66012802    0.06012812    0.59999990    0.02405986    0.03030483    0.04698241   -0.00710996  no 
4.500000    0.55961984    0.05961984    0.50000000    0.02482468    0.03024638    0.04593919   -0.00689866  no 
4.600000    0.45903936    0.05903927    0.40000010    0.02558337    0.03018002    0.04477156   -0.00669422  no 
4.700000    0.35839604    0.05839585    0.30000019    0.02633600    0.03010616    0.04348685   -0.00649636  no 
4.800000    0.25769882    0.05769901    0.19999981    0.02708267    0.03002518    0.04209181   -0.00630484  no 
4.900000    0.15695814    0.05695824    0.09999990    0.02782348    0.02993744    0.04059277   -0.00611941  no 
5.000000    0.05618319    0.05618319    0.00000000    0.02855848    0.02984330    0.03899577   -0.00593983  BEST-STATE 
