#
# State information.
#
#


# dataset 0: For the stoma (column numbers are in brackets)
# 1  2  3  4  5  6  7  8  9  10  11  12  13  14  15  16  
t  pore-length  pore-width  stoma-length  stoma-width  pore-area  gc0-height  gc0-width  gc0-ar  gc0-surface-area  gc0-volume  gc1-height  gc1-width  gc1-ar  gc1-surface-area  gc1-volume  
0.000000    9.37899971    0.90799999   29.89900017   20.68400002    6.67685686    9.88799953    9.88800001    0.99999995  800.04970134  1496.04463650           nan           nan           nan           nan           nan 
0.100000    9.38453982    1.00498024   29.91282155   20.80752955    7.18213435    9.89187230    9.90127466    0.99905039  803.35591867  1506.24309749           nan           nan           nan           nan           nan 
0.200000    9.38953151    1.09946302   29.92935782   20.92358427    7.68971006    9.89810190    9.91206063    0.99859174  806.65591516  1516.33189033           nan           nan           nan           nan           nan 
0.300000    9.39440751    1.18802175   29.94812728   21.03196031    8.17731711    9.90540314    9.92196928    0.99833036  809.90537672  1526.28338567           nan           nan           nan           nan           nan 
0.400000    9.39934472    1.26906800   29.96858123   21.13244051    8.63294682    9.91324187    9.93168625    0.99814288  813.07956474  1535.94942884           nan           nan           nan           nan           nan 
0.500000    9.40435088    1.34216079   29.99015237   21.22510570    9.05134374    9.92140366    9.94147246    0.99798131  816.14215685  1545.36851729           nan           nan           nan           nan           nan 
0.600000    9.40934558    1.40753070   30.01232138   21.31031954    9.43148322    9.92981053    9.95139442    0.99783107  819.11396968  1554.45836042           nan           nan           nan           nan           nan 
0.700000    9.41422107    1.46575069   30.03465755   21.38862276    9.77474115    9.93843884    9.96143603    0.99769138  821.97669038  1563.23650442           nan           nan           nan           nan           nan 
0.800000    9.41887741    1.51752806   30.05682924   21.46063328   10.08368125    9.94728255    9.97155261    0.99756607  824.72911801  1571.69785714           nan           nan           nan           nan           nan 
0.900000    9.42323766    1.56358564   30.07859671   21.52697581   10.36131825    9.95633821    9.98169509    0.99745966  827.36595316  1579.87064406           nan           nan           nan           nan           nan 
1.000000    9.42725052    1.60460228   30.09979646   21.58824223   10.61070963    9.96559956    9.99181998    0.99737581  829.91403755  1587.73851984           nan           nan           nan           nan           nan 
1.100000    9.43088720    1.64118803   30.12032415   21.64497298   10.83475090    9.97505642   10.00189248    0.99731690  832.34997773  1595.36788622           nan           nan           nan           nan           nan 
1.200000    9.43413641    1.67387837   30.14011930   21.69765103   11.03608715    9.98469527   10.01188633    0.99728412  834.70598429  1602.71869145           nan           nan           nan           nan           nan 
1.300000    9.43699955    1.70313728   30.15915248   21.74670267   11.21708742    9.99450022   10.02178270    0.99727768  836.97051674  1609.84929400           nan           nan           nan           nan           nan 
1.400000    9.43948662    1.72936457   30.17741576   21.79250205   11.37985047   10.00445404   10.03156874    0.99729706  839.16231644  1616.74820214           nan           nan           nan           nan           nan 
1.500000    9.44161300    1.75290400   30.19491625   21.83537626   11.52622662   10.01453900   10.04123613    0.99734125  841.26821288  1623.47308951           nan           nan           nan           nan           nan 
1.600000    9.44339726    1.77405131   30.21167111   21.87561166   11.65784383   10.02473748   10.05078018    0.99740889  843.31622382  1629.97894524           nan           nan           nan           nan           nan 
1.700000    9.44485950    1.79306185   30.22770378   21.91345859   11.77613495   10.03503238   10.06019837    0.99749846  845.29937055  1636.30629766           nan           nan           nan           nan           nan 
1.800000    9.44602036    1.81015635   30.24304163   21.94913709   11.88236256   10.04540741   10.06949037    0.99760832  847.21706639  1642.47283460           nan           nan           nan           nan           nan 
1.900000    9.44690040    1.82552654   30.25771341   21.98284042   11.97764173   10.05584718   10.07865694    0.99773683  849.08168982  1648.47580883           nan           nan           nan           nan           nan 
2.000000    9.44751955    1.83933967   30.27174896   22.01473939   12.06295999   10.06633735   10.08769986    0.99788232  850.89179105  1654.33120716           nan           nan           nan           nan           nan 
2.100000    9.44789679    1.85174227   30.28517821   22.04498494   12.13919503   10.07686462   10.09662133    0.99804323  852.64841748  1660.03462072           nan           nan           nan           nan           nan 
2.200000    9.44805013    1.86286312   30.29803064   22.07371128   12.20712903   10.08741675   10.10542408    0.99821805  854.35948441  1665.61587995           nan           nan           nan           nan           nan 
2.300000    9.44799649    1.87281609   30.31033480   22.10103810   12.26746122   10.09798253   10.11411101    0.99840535  856.02474992  1671.07078847           nan           nan           nan           nan           nan 
2.400000    9.44775173    1.88170207   30.32211810   22.12707222   12.32081884   10.10855165   10.12268507    0.99860379  857.64604608  1676.40632597           nan           nan           nan           nan           nan 
2.500000    9.44733062    1.88961083   30.33340687   22.15190983   12.36776604   10.11911477   10.13114950    0.99881211  859.22125989  1681.63798712           nan           nan           nan           nan           nan 
2.600000    9.44674689    1.89662266   30.34422612   22.17563701   12.40881232   10.12966333   10.13950717    0.99902916  860.76229890  1686.74847916           nan           nan           nan           nan           nan 
2.700000    9.44601333    1.90280968   30.35459960   22.19833171   12.44441831   10.14018962   10.14776102    0.99925388  862.26801641  1691.77098785           nan           nan           nan           nan           nan 
2.800000    9.44514179    1.90823650   30.36454993   22.22006464   12.47500235   10.15068662   10.15591407    0.99948528  863.73478487  1696.68459403           nan           nan           nan           nan           nan 
2.900000    9.44414330    1.91296184   30.37409842   22.24089968   12.50094488   10.16114798   10.16396892    0.99972246  865.16805244  1701.49308141           nan           nan           nan           nan           nan 
3.000000    9.44302806    1.91703844   30.38326526   22.26089501   12.52259294   10.17156798   10.17192829    0.99996458  866.56792216  1706.20962691           nan           nan           nan           nan           nan 
3.100000    9.44180555    1.92051458   30.39206958   22.28010404   12.54026385   10.18194145   10.17979473    1.00021088  867.93608860  1710.82833666           nan           nan           nan           nan           nan 
3.200000    9.44048454    1.92343414   30.40052956   22.29857528   12.55424832   10.19226378   10.18757057    1.00046068  869.27843971  1715.39837528           nan           nan           nan           nan           nan 
3.300000    9.43907328    1.92583704   30.40866202   22.31635320   12.56481300   10.20253080   10.19525808    1.00071334  870.58859696  1719.86063176           nan           nan           nan           nan           nan 
3.400000    9.43757939    1.92775989   30.41648275   22.33347893   12.57220316   10.21273875   10.20285952    1.00096828  871.87304803  1724.24832980           nan           nan           nan           nan           nan 
3.500000    9.43600997    1.92923629   30.42400682   22.34999001   12.57664480   10.22288430   10.21037686    1.00122497  873.12787088  1728.54757669           nan           nan           nan           nan           nan 
3.600000    9.43437162    1.93029714   30.43124843   22.36592150   12.57834663   10.23296452   10.21781218    1.00148293  874.35679921  1732.77181196           nan           nan           nan           nan           nan 
3.700000    9.43267044    1.93097091   30.43822116   22.38130522   12.57750160   10.24297673   10.22516716    1.00174174  875.56076409  1736.92342108           nan           nan           nan           nan           nan 
3.800000    9.43091217    1.93128383   30.44493759   22.39617121   12.57428824   10.25291863   10.23244369    1.00200098  876.74064665  1741.00466956           nan           nan           nan           nan           nan 
3.900000    9.42910212    1.93126011   30.45140988   22.41054690   12.56887198   10.26278821   10.23964339    1.00226031  877.89618517  1745.00680343           nan           nan           nan           nan           nan 
4.000000    9.42724523    1.93092251   30.45764935   22.42445803   12.56140662   10.27258366   10.24676776    1.00251942  879.03036155  1748.95365889           nan           nan           nan           nan           nan 
4.100000    9.42534612    1.93029165   30.46366680   22.43792844   12.55203488   10.28230345   10.25381839    1.00277800  880.14282808  1752.83626644           nan           nan           nan           nan           nan 
4.200000    9.42340909    1.92938709   30.46947241   22.45098054   12.54088978   10.29194623   10.26079673    1.00303578  881.23546582  1756.66130862           nan           nan           nan           nan           nan 
4.300000    9.42143815    1.92822683   30.47507590   22.46363485   12.52809481   10.30151090   10.26770401    1.00329255  882.30661984  1760.42086239           nan           nan           nan           nan           nan 
4.400000    9.41943704    1.92682755   30.48048645   22.47591078   12.51376564   10.31099647   10.27454162    1.00354808  883.35810299  1764.12145811           nan           nan           nan           nan           nan 
4.500000    9.41740924    1.92520511   30.48571265   22.48782670   12.49800965   10.32040220   10.28131080    1.00380218  884.39053176  1767.76470356           nan           nan           nan           nan           nan 
4.600000    9.41535801    1.92337406   30.49076283   22.49939942   12.48092744   10.32972744   10.28801268    1.00405470  885.40452518  1771.35458913           nan           nan           nan           nan           nan 
4.700000    9.41328636    1.92134821   30.49564487   22.51064491   12.46261298   10.33897167   10.29464835    1.00430547  886.40058337  1774.88770163           nan           nan           nan           nan           nan 
4.800000    9.41119710    1.91914010   30.50036621   22.52157819   12.44315409   10.34813458   10.30121905    1.00455437  887.38006929  1778.36901951           nan           nan           nan           nan           nan 
4.900000    9.40909288    1.91676199   30.50493389   22.53221333   12.42263301   10.35721591   10.30772567    1.00480128  888.34191546  1781.79766853           nan           nan           nan           nan           nan 
5.000000    9.40697614    1.91422510   30.50935471   22.54256356   12.40112665   10.36621547   10.31416923    1.00504609  889.28740691  1785.17607370           nan           nan           nan           nan           nan 


# dataset 1: optimisation metric
# 1  2  3  4  5  6  7  8  9  
t  metric  metric_raw  dp  pc-gc0-width  pc-pore-length  pc-pore-width  pc-stoma-length  best  
0.000000    5.77934691    0.77934691    5.00000000   -0.05096458   -0.00000003   -0.54048583    0.00248115  no 
0.100000    5.57803169    0.67803169    4.90000000   -0.04969050    0.00059066   -0.49140676    0.00294456  no 
0.200000    5.38838218    0.58838218    4.80000000   -0.04865528    0.00112288   -0.44359159    0.00349900  no 
0.300000    5.21114687    0.51114688    4.69999999   -0.04770426    0.00164277   -0.39877442    0.00412832  no 
0.400000    5.04540638    0.44540638    4.59999999   -0.04677164    0.00216918   -0.35775911    0.00481412  no 
0.500000    4.88967716    0.38967716    4.50000000   -0.04583238    0.00270294   -0.32076883    0.00553738  no 
0.600000    4.74240377    0.34240379    4.39999998   -0.04488008    0.00323548   -0.28768690    0.00628068  no 
0.700000    4.60216871    0.30216870    4.30000001   -0.04391630    0.00375531   -0.25822333    0.00702959  no 
0.800000    4.46776184    0.26776185    4.19999999   -0.04294533    0.00425178   -0.23202021    0.00777298  no 
0.900000    4.33818454    0.23818452    4.10000002   -0.04197187    0.00471667   -0.20871172    0.00850282  no 
1.000000    4.21262586    0.21262586    4.00000000   -0.04100010    0.00514453   -0.18795431    0.00921363  no 
1.100000    4.09043181    0.19043183    3.89999998   -0.04003335    0.00553227   -0.16943926    0.00990190  no 
1.200000    3.97107501    0.17107506    3.79999995   -0.03907416    0.00587871   -0.15289556    0.01056561  no 
1.300000    3.85412906    0.15412901    3.70000005   -0.03812432    0.00618398   -0.13808842    0.01120377  no 
1.400000    3.73924673    0.13924670    3.60000002   -0.03718507    0.00644915   -0.12481550    0.01181612  no 
1.500000    3.62614407    0.12614407    3.50000000   -0.03625721    0.00667587   -0.11290284    0.01240289  no 
1.600000    3.51458665    0.11458667    3.39999998   -0.03534119    0.00686611   -0.10220075    0.01296466  no 
1.700000    3.40437927    0.10437932    3.29999995   -0.03443724    0.00702202   -0.09258003    0.01350222  no 
1.800000    3.29535832    0.09535827    3.20000005   -0.03354541    0.00714579   -0.08392898    0.01401648  no 
1.900000    3.18738482    0.08738479    3.10000002   -0.03266562    0.00723962   -0.07615054    0.01450841  no 
2.000000    3.08034019    0.08034019    3.00000000   -0.03179769    0.00730563   -0.06916008    0.01497901  no 
2.100000    2.97412204    0.07412194    2.90000010   -0.03094142    0.00734586   -0.06288347    0.01542928  no 
2.200000    2.86864058    0.06864063    2.79999995   -0.03009655    0.00736221   -0.05725550    0.01586021  no 
2.300000    2.76381746    0.06381742    2.70000005   -0.02926279    0.00735649   -0.05221858    0.01627275  no 
2.400000    2.65958217    0.05958226    2.59999990   -0.02843986    0.00733039   -0.04772163    0.01666783  no 
2.500000    2.55587242    0.05587242    2.50000000   -0.02762746    0.00728549   -0.04371922    0.01704633  no 
2.600000    2.45263144    0.05263134    2.40000010   -0.02682530    0.00722325   -0.04017072    0.01740909  no 
2.700000    2.34980779    0.04980784    2.29999995   -0.02603311    0.00714504   -0.03703964    0.01775690  no 
2.800000    2.24735580    0.04735575    2.20000005   -0.02525059    0.00705212   -0.03429327    0.01809053  no 
2.900000    2.14523322    0.04523331    2.09999990   -0.02447750    0.00694565   -0.03190190    0.01841068  no 
3.000000    2.04340324    0.04340324    2.00000000   -0.02371357    0.00682675   -0.02983885    0.01871803  no 
3.100000    1.94183238    0.04183228    1.90000010   -0.02295856    0.00669640   -0.02807966    0.01901323  no 
3.200000    1.84049126    0.04049131    1.79999995   -0.02221225    0.00655555   -0.02660216    0.01929688  no 
3.300000    1.73935517    0.03935512    1.70000005   -0.02147441    0.00640508   -0.02538611    0.01956956  no 
3.400000    1.63840217    0.03840226    1.59999990   -0.02074484    0.00624580   -0.02441301    0.01983178  no 
3.500000    1.53761478    0.03761478    1.50000000   -0.02002334    0.00607847   -0.02366584    0.02008405  no 
3.600000    1.43697807    0.03697798    1.40000010   -0.01930971    0.00590379   -0.02312898    0.02032685  no 
3.700000    1.33648007    0.03648012    1.29999995   -0.01860379    0.00572241   -0.02278800    0.02056064  no 
3.800000    1.23611209    0.03611204    1.20000005   -0.01790539    0.00553494   -0.02262964    0.02078584  no 
3.900000    1.13586673    0.03586683    1.09999990   -0.01721438    0.00534195   -0.02264165    0.02100285  no 
4.000000    1.03573928    0.03573928    1.00000000   -0.01653059    0.00514396   -0.02281250    0.02121205  no 
4.100000    0.93572588    0.03572578    0.90000010   -0.01585388    0.00494148   -0.02313175    0.02141381  no 
4.200000    0.83582387    0.03582368    0.80000019   -0.01518411    0.00473495   -0.02358953    0.02160846  no 
4.300000    0.73603094    0.03603113    0.69999981   -0.01452116    0.00452481   -0.02417671    0.02179634  no 
4.400000    0.63634663    0.03634673    0.59999990   -0.01386490    0.00431144   -0.02488484    0.02197775  no 
4.500000    0.53676914    0.03676914    0.50000000   -0.01321520    0.00409524   -0.02570592    0.02215298  no 
4.600000    0.43729723    0.03729713    0.40000010   -0.01257197    0.00387653   -0.02663256    0.02232231  no 
4.700000    0.33792935    0.03792916    0.30000019   -0.01193509    0.00365565   -0.02765779    0.02248600  no 
4.800000    0.23866337    0.03866356    0.19999981   -0.01130444    0.00343289   -0.02877525    0.02264430  no 
4.900000    0.13949801    0.03949810    0.09999990   -0.01067994    0.00320854   -0.02997875    0.02279745  no 
5.000000    0.04043032    0.04043032    0.00000000   -0.01006150    0.00298285   -0.03126260    0.02294567  BEST-STATE 
