#
# State information.
#
#


# dataset 0: For the stoma (column numbers are in brackets)
# 1  2  3  4  5  6  7  8  9  10  11  12  13  14  15  16  
t  pore-length  pore-width  stoma-length  stoma-width  pore-area  gc0-height  gc0-width  gc0-ar  gc0-surface-area  gc0-volume  gc1-height  gc1-width  gc1-ar  gc1-surface-area  gc1-volume  
0.000000   17.00000000    2.00000000   45.00000000   32.00000000   26.66142133   15.00000000   15.00000000    1.00000000  1682.89731753  4633.88931046           nan           nan           nan           nan           nan 
0.100000   17.00046411    2.02033326   45.00238808   32.03013499   26.83902117   15.00402717   15.00490086    0.99994177  1684.32407758  4640.52332222           nan           nan           nan           nan           nan 
0.200000   17.00088681    2.04082742   45.00483383   32.06010810   27.01945471   15.00821528   15.00964034    0.99990506  1685.75389518  4647.16247392           nan           nan           nan           nan           nan 
0.300000   17.00127250    2.06145305   45.00733543   32.08993994   27.20238320   15.01254212   15.01424344    0.99988669  1687.19029400  4653.82822528           nan           nan           nan           nan           nan 
0.400000   17.00162499    2.08218534   45.00989130   32.11964811   27.38751627   15.01698903   15.01873139    0.99988399  1688.61923108  4660.52761099           nan           nan           nan           nan           nan 
0.500000   17.00194758    2.10300320   45.01250000   32.14924778   27.57460370   15.02154024   15.02312229    0.99989469  1690.06265120  4667.22893675           nan           nan           nan           nan           nan 
0.600000   17.00224318    2.12388875   45.01516028   32.17875206   27.76342877   15.02618237   15.02743166    0.99991687  1691.50965089  4673.94842187           nan           nan           nan           nan           nan 
0.700000   17.00251432    2.14482667   45.01787101   32.20817238   27.95380295   15.03090404   15.03167286    0.99994885  1692.95733939  4680.68980976           nan           nan           nan           nan           nan 
0.800000   17.00276325    2.16580385   45.02063119   32.23751868   28.14556157   15.03569553   15.03585742    0.99998923  1694.39925247  4687.46800535           nan           nan           nan           nan           nan 
0.900000   17.00299199    2.18680908   45.02343992   32.26679975   28.33856017   15.04054851   15.03999534    1.00003678  1695.85731780  4694.24349367           nan           nan           nan           nan           nan 
1.000000   17.00320232    2.20783268   45.02629637   32.29602334   28.53267162   15.04545581   15.04409533    1.00009043  1697.31915106  4701.03809445           nan           nan           nan           nan           nan 
1.100000   17.00339586    2.22886629   45.02919982   32.32519624   28.72778344   15.05041127   15.04816497    1.00014927  1698.78479484  4707.85203057           nan           nan           nan           nan           nan 
1.200000   17.00357407    2.24990274   45.03214961   32.35432461   28.92379612   15.05540955   15.05221093    1.00021250  1700.24028630  4714.71448775           nan           nan           nan           nan           nan 
1.300000   17.00373827    2.27093583   45.03514514   32.38341382   29.12062116   15.06044608   15.05623899    1.00027942  1701.69243060  4721.63253005           nan           nan           nan           nan           nan 
1.400000   17.00388968    2.29196015   45.03818588   32.41246882   29.31817959   15.06551684   15.06025434    1.00034943  1703.16980737  4728.50589396           nan           nan           nan           nan           nan 
1.500000   17.00402939    2.31297112   45.04127131   32.44149399   29.51640114   15.07061838   15.06426144    1.00042199  1704.63338311  4735.44558845           nan           nan           nan           nan           nan 
1.600000   17.00415843    2.33396465   45.04440101   32.47049326   29.71522239   15.07574770   15.06826431    1.00049663  1706.10158606  4742.40844301           nan           nan           nan           nan           nan 
1.700000   17.00427775    2.35493731   45.04757457   32.49947023   29.91458683   15.08090218   15.07226646    1.00057295  1707.59104620  4749.34303948           nan           nan           nan           nan           nan 
1.800000   17.00438823    2.37588611   45.05079163   32.52842814   30.11444314   15.08607957   15.07627101    1.00065060  1709.08458724  4756.29840466           nan           nan           nan           nan           nan 
1.900000   17.00449068    2.39680842   45.05405188   32.55737001   30.31474524   15.09127788   15.08028080    1.00072924  1710.57910061  4763.28016836           nan           nan           nan           nan           nan 
2.000000   17.00458588    2.41770205   45.05735501   32.58629847   30.51545156   15.09649542   15.08429821    1.00080860  1712.08092138  4770.27766027           nan           nan           nan           nan           nan 
2.100000   17.00467455    2.43856505   45.06070078   32.61521596   30.71652428   15.10173068   15.08832546    1.00088845  1713.58692805  4777.29650001           nan           nan           nan           nan           nan 
2.200000   17.00475737    2.45939580   45.06408893   32.64412493   30.91792930   15.10698238   15.09236456    1.00096856  1715.09053992  4784.29196390           nan           nan           nan           nan           nan 
2.300000   17.00483498    2.48019287   45.06751928   32.67302734   31.11963555   15.11224940   15.09641723    1.00104874  1716.60504599  4791.35419329           nan           nan           nan           nan           nan 
2.400000   17.00490799    2.50095516   45.07099161   32.70192516   31.32161479   15.11753076   15.10048500    1.00112882  1718.13754541  4798.49216122           nan           nan           nan           nan           nan 
2.500000   17.00497699    2.52168155   45.07450577   32.73082018   31.52384133   15.12282564   15.10456932    1.00120866  1719.65747637  4805.60507561           nan           nan           nan           nan           nan 
2.600000   17.00504253    2.54237133   45.07806161   32.75971413   31.72629167   15.12813333   15.10867140    1.00128813  1721.18128838  4812.70855990           nan           nan           nan           nan           nan 
2.700000   17.00510515    2.56302369   45.08165901   32.78860843   31.92894434   15.13345319   15.11279237    1.00136711  1722.71318531  4819.85970068           nan           nan           nan           nan           nan 
2.800000   17.00516537    2.58363819   45.08529785   32.81750470   32.13177983   15.13878472   15.11693326    1.00144550  1724.24627458  4827.02529915           nan           nan           nan           nan           nan 
2.900000   17.00522367    2.60421431   45.08897805   32.84640414   32.33478034   15.14412747   15.12109491    1.00152321  1725.78432497  4834.23098020           nan           nan           nan           nan           nan 
3.000000   17.00528054    2.62475169   45.09269954   32.87530810   32.53792924   15.14948107   15.12527820    1.00160016  1727.32642440  4841.45836626           nan           nan           nan           nan           nan 
3.100000   17.00533643    2.64525008   45.09646223   32.90421778   32.74121164   15.15484522   15.12948385    1.00167629  1728.87623970  4848.70118254           nan           nan           nan           nan           nan 
3.200000   17.00539180    2.66570926   45.10026611   32.93313420   32.94461366   15.16021967   15.13371247    1.00175153  1730.42535604  4855.97048956           nan           nan           nan           nan           nan 
3.300000   17.00544708    2.68612921   45.10411111   32.96205854   33.14812288   15.16560422   15.13796467    1.00182584  1731.98432718  4863.26023465           nan           nan           nan           nan           nan 
3.400000   17.00550271    2.70650983   45.10799724   32.99099171   33.35172744   15.17099871   15.14224094    1.00189918  1733.54790870  4870.57370434           nan           nan           nan           nan           nan 
3.500000   17.00555909    2.72685105   45.11192446   33.01993477   33.55541668   15.17640303   15.14654186    1.00197148  1735.11613212  4877.91107820           nan           nan           nan           nan           nan 
3.600000   17.00561663    2.74715298   45.11589279   33.04888844   33.75918101   15.18181710   15.15086773    1.00204275  1736.67141986  4885.26635838           nan           nan           nan           nan           nan 
3.700000   17.00567574    2.76741570   45.11990223   33.07785380   33.96301116   15.18724087   15.15521905    1.00211292  1738.24901533  4892.65201874           nan           nan           nan           nan           nan 
3.800000   17.00573680    2.78763932   45.12395281   33.10683143   34.16689901   15.19267431   15.15959606    1.00218200  1739.83134883  4900.06212400           nan           nan           nan           nan           nan 
3.900000   17.00580020    2.80782396   45.12804455   33.13582218   34.37083689   15.19811745   15.16399911    1.00224996  1741.41845265  4907.49685842           nan           nan           nan           nan           nan 
4.000000   17.00586632    2.82796985   45.13217750   33.16482699   34.57481773   15.20357031   15.16842857    1.00231677  1742.99535246  4915.03006978           nan           nan           nan           nan           nan 
4.100000   17.00593553    2.84807718   45.13635170   33.19384623   34.77883540   15.20903292   15.17288452    1.00238243  1744.59211507  4922.51457812           nan           nan           nan           nan           nan 
4.200000   17.00600819    2.86814618   45.14056721   33.22288084   34.98288378   15.21450537   15.17736733    1.00244694  1746.19374445  4930.02425452           nan           nan           nan           nan           nan 
4.300000   17.00608467    2.88817710   45.14482412   33.25193143   35.18695740   15.21998772   15.18187717    1.00251027  1747.80027308  4937.55928700           nan           nan           nan           nan           nan 
4.400000   17.00616534    2.90817010   45.14912245   33.28099871   35.39105142   15.22548009   15.18641430    1.00257242  1749.41173286  4945.11985541           nan           nan           nan           nan           nan 
4.500000   17.00625054    2.92812562   45.15346232   33.31008303   35.59516126   15.23098257   15.19097871    1.00263340  1751.02815643  4952.70614454           nan           nan           nan           nan           nan 
4.600000   17.00634063    2.94804382   45.15784380   33.33918524   35.79928274   15.23649529   15.19557071    1.00269319  1752.64957620  4960.31834030           nan           nan           nan           nan           nan 
4.700000   17.00643595    2.96792501   45.16226698   33.36830580   36.00341218   15.24201837   15.20019040    1.00275181  1754.27602482  4967.95662765           nan           nan           nan           nan           nan 
4.800000   17.00653686    2.98776954   45.16673198   33.39744520   36.20754583   15.24755196   15.20483783    1.00280925  1755.90017073  4975.66519428           nan           nan           nan           nan           nan 
4.900000   17.00664369    3.00757766   45.17123891   33.42660415   36.41168087   15.25309622   15.20951325    1.00286551  1757.53677247  4983.35626634           nan           nan           nan           nan           nan 
5.000000   17.00675678    3.02734983   45.17578785   33.45578313   36.61581416   15.25865126   15.21421665    1.00292060  1759.17850202  4991.07399147           nan           nan           nan           nan           nan 


# dataset 1: optimisation metric
# 1  2  3  4  5  6  7  8  9  
t  metric  metric_raw  dp  pc-gc0-width  pc-pore-length  pc-pore-width  pc-stoma-length  best  
0.000000    8.42672163    3.42672163    5.00000000    0.00000000   -0.22727273   -0.84000000   -0.04255319  no 
0.100000    8.28973114    3.38973115    4.90000000    0.00032672   -0.22725163   -0.83837334   -0.04250238  no 
0.200000    8.15302805    3.35302805    4.80000000    0.00064269   -0.22723242   -0.83673381   -0.04245034  no 
0.300000    8.01666349    3.31666350    4.69999999    0.00094956   -0.22721489   -0.83508376   -0.04239712  no 
0.400000    7.88067751    3.28067752    4.59999999    0.00124876   -0.22719886   -0.83342517   -0.04234274  no 
0.500000    7.74510114    3.24510114    4.50000000    0.00154149   -0.22718420   -0.83175974   -0.04228723  no 
0.600000    7.60995799    3.20995801    4.39999998    0.00182878   -0.22717076   -0.83008890   -0.04223063  no 
0.700000    7.47526584    3.17526583    4.30000001    0.00211152   -0.22715844   -0.82841387   -0.04217296  no 
0.800000    7.34103739    3.14103740    4.19999999    0.00239049   -0.22714712   -0.82673569   -0.04211423  no 
0.900000    7.20728149    3.10728147    4.10000002    0.00266636   -0.22713673   -0.82505527   -0.04205447  no 
1.000000    7.07400353    3.07400353    4.00000000    0.00293969   -0.22712717   -0.82337339   -0.04199369  no 
1.100000    6.94120643    3.04120645    3.89999998    0.00321100   -0.22711837   -0.82169070   -0.04193192  no 
1.200000    6.80889078    3.00889082    3.79999995    0.00348073   -0.22711027   -0.82000778   -0.04186916  no 
1.300000    6.67705546    2.97705541    3.70000005    0.00374927   -0.22710281   -0.81832513   -0.04180542  no 
1.400000    6.54569765    2.94569763    3.60000002    0.00401696   -0.22709592   -0.81664319   -0.04174073  no 
1.500000    6.41481354    2.91481354    3.50000000    0.00428410   -0.22708957   -0.81496231   -0.04167508  no 
1.600000    6.28439839    2.88439841    3.39999998    0.00455095   -0.22708371   -0.81328283   -0.04160849  no 
1.700000    6.15444656    2.85444661    3.29999995    0.00481776   -0.22707828   -0.81160501   -0.04154097  no 
1.800000    6.02495199    2.82495194    3.20000005    0.00508473   -0.22707326   -0.80992911   -0.04147252  no 
1.900000    5.89590780    2.79590778    3.10000002    0.00535205   -0.22706861   -0.80825533   -0.04140315  no 
2.000000    5.76730700    2.76730700    3.00000000    0.00561988   -0.22706428   -0.80658384   -0.04133287  no 
2.100000    5.63914244    2.73914234    2.90000010    0.00588836   -0.22706025   -0.80491480   -0.04126169  no 
2.200000    5.51140619    2.71140624    2.79999995    0.00615764   -0.22705648   -0.80324834   -0.04118960  no 
2.300000    5.38409111    2.68409106    2.70000005    0.00642782   -0.22705296   -0.80158457   -0.04111661  no 
2.400000    5.25718886    2.65718896    2.59999990    0.00669900   -0.22704964   -0.79992359   -0.04104273  no 
2.500000    5.13069230    2.63069230    2.50000000    0.00697129   -0.22704650   -0.79826548   -0.04096796  no 
2.600000    5.00459322    2.60459312    2.40000010    0.00724476   -0.22704352   -0.79661029   -0.04089231  no 
2.700000    4.87888379    2.57888383    2.29999995    0.00751949   -0.22704067   -0.79495811   -0.04081577  no 
2.800000    4.75355659    2.55355655    2.20000005    0.00779555   -0.22703794   -0.79330894   -0.04073834  no 
2.900000    4.62860364    2.52860373    2.09999990    0.00807299   -0.22703529   -0.79166286   -0.04066004  no 
3.000000    4.50401787    2.50401787    2.00000000    0.00835188   -0.22703270   -0.79001987   -0.04058086  no 
3.100000    4.37979157    2.47979148    1.90000010    0.00863226   -0.22703016   -0.78837999   -0.04050080  no 
3.200000    4.25591727    2.45591731    1.79999995    0.00891416   -0.22702765   -0.78674326   -0.04041987  no 
3.300000    4.13238809    2.43238804    1.70000005    0.00919764   -0.22702513   -0.78510966   -0.04033806  no 
3.400000    4.00919658    2.40919668    1.59999990    0.00948273   -0.22702260   -0.78347921   -0.04025538  no 
3.500000    3.88633636    2.38633636    1.50000000    0.00976946   -0.22702004   -0.78185192   -0.04017182  no 
3.600000    3.76380032    2.36380022    1.40000010    0.01005785   -0.22701743   -0.78022776   -0.04008739  no 
3.700000    3.64158160    2.34158165    1.29999995    0.01034794   -0.22701474   -0.77860674   -0.04000208  no 
3.800000    3.51967420    2.31967415    1.20000005    0.01063974   -0.22701196   -0.77698885   -0.03991590  no 
3.900000    3.39807132    2.29807141    1.09999990    0.01093327   -0.22700908   -0.77537408   -0.03982884  no 
4.000000    3.27676717    2.27676717    1.00000000    0.01122857   -0.22700608   -0.77376241   -0.03974090  no 
4.100000    3.15575548    2.25575538    0.90000010    0.01152563   -0.22700293   -0.77215383   -0.03965209  no 
4.200000    3.03503032    2.23503013    0.80000019    0.01182449   -0.22699963   -0.77054831   -0.03956240  no 
4.300000    2.91458545    2.21458564    0.69999981    0.01212514   -0.22699615   -0.76894583   -0.03947183  no 
4.400000    2.79441626    2.19441635    0.59999990    0.01242762   -0.22699248   -0.76734639   -0.03938037  no 
4.500000    2.67451663    2.17451663    0.50000000    0.01273191   -0.22698861   -0.76574995   -0.03928804  no 
4.600000    2.55488132    2.15488122    0.40000010    0.01303805   -0.22698452   -0.76415649   -0.03919481  no 
4.700000    2.43550507    2.13550488    0.30000019    0.01334603   -0.22698018   -0.76256600   -0.03910070  no 
4.800000    2.31638227    2.11638247    0.19999981    0.01365586   -0.22697560   -0.76097844   -0.03900570  no 
4.900000    2.19750897    2.09750906    0.09999990    0.01396755   -0.22697074   -0.75939379   -0.03890981  no 
5.000000    2.07887967    2.07887967    0.00000000    0.01428111   -0.22696560   -0.75781201   -0.03881302  BEST-STATE 
