#
# State information.
#
#


# dataset 0: For the stoma (column numbers are in brackets)
# 1  2  3  4  5  6  7  8  9  10  11  12  13  14  15  16  
t  pore-length  pore-width  stoma-length  stoma-width  pore-area  gc0-height  gc0-width  gc0-ar  gc0-surface-area  gc0-volume  gc1-height  gc1-width  gc1-ar  gc1-surface-area  gc1-volume  
0.000000   17.00000000    2.00000000   45.00000000   32.00000000   26.66142133   15.00000000   15.00000000    1.00000000  1682.89731753  4633.88931046           nan           nan           nan           nan           nan 
0.006250   17.04661361    2.22339386   45.03097872   32.24692953   28.88314325   14.97336867   15.01176783    0.99744206  1689.86605342  4661.86846564           nan           nan           nan           nan           nan 
0.016562   17.12365768    2.58370489   45.09243011   32.62799531   32.58301996   14.93987430   15.02214521    0.99452336  1701.22921240  4706.95595964           nan           nan           nan           nan           nan 
0.030472   17.23086804    3.05076468   45.19240952   33.10056067   37.56845412   14.90607903   15.02489799    0.99209186  1716.51917829  4765.97726672           nan           nan           nan           nan           nan 
0.039756   17.30600917    3.34804177   45.26847440   33.39468741   40.85355839   14.88730954   15.02332282    0.99094653  1726.64833681  4804.56559058           nan           nan           nan           nan           nan 
0.046756   17.36511514    3.56390131   45.33042967   33.60693038   43.30517338   14.87388162   15.02151453    0.99017190  1734.25946422  4833.15852039           nan           nan           nan           nan           nan 
0.060756   17.49003372    3.97535777   45.46490917   34.00891757   48.13831799   14.84837659   15.01677990    0.98878566  1749.37598892  4889.55506574           nan           nan           nan           nan           nan 
0.076151   17.63773167    4.39827371   45.62711316   34.42025971   53.34527656   14.82211825   15.01099300    0.98741757  1765.76392566  4950.30719577           nan           nan           nan           nan           nan 
0.092107   17.80159885    4.80679083   45.80823588   34.81681395   58.62722880   14.79632816   15.00501156    0.98609242  1782.63626566  5011.73146109           nan           nan           nan           nan           nan 
0.108289   17.97736853    5.19349766   46.00231028   35.19145656   63.87138239   14.77150834   14.99897945    0.98483423  1799.49328004  5072.78553371           nan           nan           nan           nan           nan 
0.124471   18.16077924    5.55540967   46.20396101   35.54166794   69.00790252   14.74793634   14.99312913    0.98364632  1816.06790549  5131.95846249           nan           nan           nan           nan           nan 
0.139893   18.34042096    5.87966180   46.40070355   35.85529804   73.80540565   14.72659636   14.98781812    0.98257106  1831.54768873  5186.87143829           nan           nan           nan           nan           nan 
0.156061   18.53109431    6.20027590   46.60958076   36.16544771   78.73066371   14.70539108   14.98258591    0.98149887  1847.40795242  5242.97797692           nan           nan           nan           nan           nan 
0.172529   18.72644782    6.50839806   46.82321954   36.46360922   83.63572880   14.68497866   14.97760558    0.98046237  1863.16102928  5298.49362091           nan           nan           nan           nan           nan 
0.189116   18.92253268    6.80177116   47.03761268   36.74788237   88.46491609   14.66552562   14.97305560    0.97946111  1878.56217930  5352.68228275           nan           nan           nan           nan           nan 
0.222385   19.30973053    7.34608936   47.46014929   37.27608967   97.81552885   14.62978557   14.96500015    0.97760009  1908.16424132  5456.50153881           nan           nan           nan           nan           nan 
0.236584   19.47145176    7.56119251   47.63626075   37.48623610  101.67987064   14.61553380   14.96252179    0.97680952  1920.26743721  5498.66806929           nan           nan           nan           nan           nan 
0.267942   19.81812787    8.00816059   48.01333261   37.92306805  109.92828572   14.58665323   14.95745373    0.97520965  1945.86798234  5587.97584039           nan           nan           nan           nan           nan 
0.287672   20.02818608    8.27071857   48.24162364   38.18061638  114.93159187   14.56998509   14.95494890    0.97425843  1961.21083208  5641.40526781           nan           nan           nan           nan           nan 
0.323457   20.39244413    8.71449614   48.63756275   38.61809492  123.65673119   14.54244387   14.95179939    0.97262166  1987.58855863  5733.38381940           nan           nan           nan           nan           nan 
0.345138   20.60317540    8.96500731   48.86655188   38.86588192  128.72854635   14.52744073   14.95043731    0.97170674  2002.73619467  5786.13177641           nan           nan           nan           nan           nan 
0.382484   20.94857240    9.36889839   49.24159336   39.26689148  137.11310743   14.50346905   14.94899654    0.97019683  2027.51042042  5872.30066488           nan           nan           nan           nan           nan 
0.419830   21.27327156    9.74064636   49.59403515   39.63824415  145.07577342   14.48236811   14.94879889    0.96879811  2050.70333738  5953.27027549           nan           nan           nan           nan           nan 
0.444768   21.47936296    9.97324181   49.81772041   39.87165689  150.17415426   14.46958292   14.94920754    0.96791638  2065.40195903  6004.67125451           nan           nan           nan           nan           nan 
0.484718   21.79291153   10.32288837   50.15807152   40.22424984  158.00412242   14.45102715   14.95068073    0.96657988  2087.75470141  6082.96241228           nan           nan           nan           nan           nan 
0.536679   22.17301083   10.74057198   50.57041264   40.64798450  167.61785127   14.43004799   14.95370626    0.96498137  2114.88935208  6178.12861931           nan           nan           nan           nan           nan 
0.598247   22.58769560   11.18997192   51.02014875   41.10618877  178.26495608   14.40936160   14.95810843    0.96331442  2144.55216178  6282.59837507           nan           nan           nan           nan           nan 
0.667502   23.01562071   11.65420055   51.48455143   41.58379650  189.54589925   14.38691601   14.96479797    0.96138391  2175.46224567  6391.97743287           nan           nan           nan           nan           nan 
0.676612   23.06704235   11.70240784   51.54056501   41.63283062  190.79657890   14.38758105   14.96521139    0.96140179  2179.02217768  6404.59823077           nan           nan           nan           nan           nan 
0.704612   23.22675467   11.87164593   51.71414232   41.80795860  195.02753180   14.38104558   14.96815634    0.96077601  2190.57479263  6445.50235399           nan           nan           nan           nan           nan 
0.747012   23.45831537   12.11572742   51.96595573   42.06171608  201.20983367   14.37171435   14.97299433    0.95984237  2207.35730642  6505.20756018           nan           nan           nan           nan           nan 
0.800932   23.73638058   12.40708923   52.26832962   42.36653805  208.71090123   14.36090559   14.97972441    0.95868957  2227.59688757  6577.48439299           nan           nan           nan           nan           nan 
0.864068   24.04089069   12.72453594   52.59939766   42.70110703  217.02940509   14.34981686   14.98828554    0.95740215  2249.92866869  6657.54941422           nan           nan           nan           nan           nan 
0.934577   24.35719109   13.05309200   52.94344330   43.05017281  225.78960214   14.33921647   14.99854040    0.95604079  2273.30633460  6741.79622540           nan           nan           nan           nan           nan 
1.010984   24.67450571   13.38313484   53.28930759   43.40373135  234.72839460   14.33001679   15.01029825    0.95467902  2297.01230723  6827.55154384           nan           nan           nan           nan           nan 
1.092110   24.98523808   13.70950317   53.62913799   43.75609875  243.68574571   14.32172453   15.02329779    0.95330098  2320.52677651  6912.80996681           nan           nan           nan           nan           nan 
1.177010   25.28520775   14.02869797   53.95838165   44.10246372  252.53548360   14.31452620   15.03688288    0.95196101  2343.53678205  6996.55517146           nan           nan           nan           nan           nan 
1.264931   25.57181358   14.33990192   54.27413082   44.43871498  261.19372572   14.30832970   15.04940653    0.95075707  2365.85151031  7078.19594787           nan           nan           nan           nan           nan 
1.355267   25.84353447   14.64072895   54.57424831   44.76446152  269.61389206   14.30294287   15.06186628    0.94961292  2387.42269208  7157.30762508           nan           nan           nan           nan           nan 
1.447536   26.10115433   14.92860699   54.85900688   45.07826519  277.75463084   14.29889292   15.07482910    0.94852770  2408.19161418  7233.76821198           nan           nan           nan           nan           nan 
1.541351   26.34531116   15.20313454   55.12730312   45.37983131  285.59884143   14.29566044   15.08834839    0.94746357  2428.16103728  7307.64780582           nan           nan           nan           nan           nan 
1.636404   26.57628536   15.46518135   55.38175201   45.66989517  293.14729649   14.29333669   15.10235691    0.94643086  2447.34163905  7378.92340783           nan           nan           nan           nan           nan 
1.732445   26.79444122   15.71577072   55.62239170   45.94914436  300.41027713   14.29183674   15.11668682    0.94543447  2465.76441374  7447.66647237           nan           nan           nan           nan           nan 
1.829279   27.00012112   15.95596790   55.85008526   46.21811485  307.40047893   14.29083556   15.13107347    0.94446938  2483.45209144  7514.11892236           nan           nan           nan           nan           nan 
1.926745   27.19402504   16.18720341   56.06537342   46.47728920  314.13159411   14.29026508   15.14504290    0.94356056  2500.46423850  7578.27214199           nan           nan           nan           nan           nan 
2.024719   27.37679195   16.40963840   56.26857853   46.72735405  320.61718891   14.29012674   15.15885782    0.94269152  2516.85376480  7640.22773555           nan           nan           nan           nan           nan 
2.123097   27.54931164   16.62321568   56.46133614   46.96856594  326.86582258   14.29054433   15.17267513    0.94186056  2532.60949012  7700.41385558           nan           nan           nan           nan           nan 
2.221801   27.71260738   16.82796288   56.64421749   47.20133400  332.88898160   14.29162282   15.18668556    0.94106267  2547.84920037  7758.70138071           nan           nan           nan           nan           nan 
2.320763   27.86744022   17.02436352   56.81793785   47.42610359  338.69783933   14.29334265   15.20087004    0.94029767  2562.60792858  7815.63123909           nan           nan           nan           nan           nan 
2.419933   28.01453400   17.21290112   56.98271847   47.64326859  344.30181860   14.29567808   15.21518373    0.93956658  2576.88327296  7870.94505994           nan           nan           nan           nan           nan 
2.519269   28.15445232   17.39417171   57.13865089   47.85338688  349.71401480   14.29859364   15.22960758    0.93886816  2590.75567966  7925.17460657           nan           nan           nan           nan           nan 
2.618737   28.28769493   17.56873035   57.28976440   48.05700111  354.94455148   14.30205280   15.24413538    0.93820033  2604.20522024  7977.79026368           nan           nan           nan           nan           nan 
2.718313   28.41453838   17.73741341   57.43399811   48.25509453  360.00748481   14.30596405   15.25884056    0.93755250  2617.28343139  8029.14850502           nan           nan           nan           nan           nan 
2.817972   28.53542519   17.90058517   57.57197380   48.44743729  364.91169186   14.31027550   15.27342606    0.93693946  2630.00017619  8079.39839792           nan           nan           nan           nan           nan 
2.917700   28.65074062   18.05856133   57.70396233   48.63419724  369.66767228   14.31482530   15.28781796    0.93635503  2642.37785028  8128.48998020           nan           nan           nan           nan           nan 
3.017483   28.76084423   18.21171570   57.83018970   48.81607628  374.28317996   14.31967270   15.30218029    0.93579297  2654.42683162  8176.54889042           nan           nan           nan           nan           nan 
3.117309   28.86604977   18.36053658   57.95084953   48.99365997  378.76966886   14.32441092   15.31656170    0.93522366  2666.17498200  8223.57068736           nan           nan           nan           nan           nan 
3.217170   28.96646214   18.50575638   58.06609249   49.16773987  383.14026707   14.32912689   15.33099174    0.93465101  2677.62217233  8269.42826506           nan           nan           nan           nan           nan 
3.317058   29.06190014   18.64800453   58.17586327   49.33864021  387.40570517   14.33374691   15.34531784    0.93407951  2688.72397651  8314.41620855           nan           nan           nan           nan           nan 
3.416969   29.15263176   18.78778267   58.28052139   49.50615311  391.56915707   14.33829772   15.35918522    0.93353244  2699.58978483  8358.20830989           nan           nan           nan           nan           nan 
3.516897   29.23892879   18.92508888   58.37919998   49.67054176  395.63467273   14.34291083   15.37272644    0.93301022  2710.20653777  8400.98097024           nan           nan           nan           nan           nan 
3.616841   29.32163048   19.05916214   58.47559643   49.83144760  399.59920388   14.34775048   15.38614273    0.93251120  2720.58667234  8443.16412294           nan           nan           nan           nan           nan 
3.716795   29.40105057   19.18987465   58.56865120   49.98901939  403.46601693   14.35285336   15.39957237    0.93202935  2730.75987207  8484.50993573           nan           nan           nan           nan           nan 
3.816758   29.47732830   19.31742859   58.65907288   50.14354706  407.23979718   14.35817140   15.41305923    0.93155883  2740.72466514  8525.26846404           nan           nan           nan           nan           nan 
3.916729   29.55046368   19.44207764   58.74594212   50.29501343  410.92638703   14.36365634   15.42646790    0.93110467  2750.50620185  8565.37557159           nan           nan           nan           nan           nan 
4.016706   29.62052441   19.56402206   58.82965088   50.44348335  414.53110126   14.36935174   15.43973064    0.93067373  2760.11620804  8604.77473618           nan           nan           nan           nan           nan 
4.116687   29.68762875   19.68336678   58.91042995   50.58925629  418.05821859   14.37512630   15.45294476    0.93025158  2769.54094937  8643.65908948           nan           nan           nan           nan           nan 
4.216672   29.75198174   19.80048180   58.98846054   50.73254585  421.51130808   14.38085055   15.46603203    0.92983453  2778.79091094  8681.91389458           nan           nan           nan           nan           nan 
4.316660   29.81351662   19.91572952   59.06335258   50.87357712  424.89646935   14.38629091   15.47892380    0.92941157  2787.87371710  8719.52196532           nan           nan           nan           nan           nan 
4.416651   29.87190533   20.02973557   59.13488102   51.01285172  428.22142705   14.39145207   15.49155807    0.92898674  2796.77314845  8756.47351903           nan           nan           nan           nan           nan 
4.516643   29.92737007   20.14248848   59.20329094   51.15054893  431.48807949   14.39652210   15.50403023    0.92856644  2805.51697679  8792.79648885           nan           nan           nan           nan           nan 
4.616637   29.98051739   20.25327873   59.26938248   51.28628922  434.69267227   14.40174651   15.51650524    0.92815658  2814.11984507  8828.65617422           nan           nan           nan           nan           nan 
4.716632   30.03166676   20.36184120   59.33316040   51.41986847  437.83489184   14.40713984   15.52901363    0.92775627  2822.60435193  8864.10431398           nan           nan           nan           nan           nan 
4.816628   30.08098125   20.46815872   59.39501381   51.55124283  440.91512050   14.41270596   15.54154205    0.92736653  2830.96628246  8899.21810002           nan           nan           nan           nan           nan 
4.916625   30.12867546   20.57227516   59.45517349   51.68045044  443.93334932   14.41844463   15.55408764    0.92698749  2839.22176825  8933.94343953           nan           nan           nan           nan           nan 
5.000000   30.16727734   20.65746880   59.50415516   51.78658295  446.40368754   14.42335886   15.56455708    0.92667969  2846.02946449  8962.70087984           nan           nan           nan           nan           nan 


# dataset 1: optimisation metric
# 1  2  3  4  5  6  7  8  9  
t  metric  metric_raw  dp  pc-gc0-width  pc-pore-length  pc-pore-width  pc-stoma-length  best  
0.000000    6.85114063    1.85114063    5.00000000    0.00000000   -0.22727273   -0.84000000   -0.04255319  no 
0.006250    6.73970968    1.74595968    4.99375000    0.00078452   -0.22515393   -0.82212849   -0.04189407  no 
0.016562    6.58027148    1.59683301    4.98343847    0.00147635   -0.22165192   -0.79330361   -0.04058659  no 
0.030472    6.40141175    1.43188392    4.96952783    0.00165987   -0.21677873   -0.75593883   -0.03845937  no 
0.039756    6.29980559    1.33956147    4.96024411    0.00155485   -0.21336322   -0.73215666   -0.03684097  no 
0.046756    6.23073609    1.27749198    4.95324411    0.00143430   -0.21067658   -0.71488790   -0.03552277  no 
0.060756    6.10807457    1.16883046    4.93924411    0.00111866   -0.20499847   -0.68197138   -0.03266151  no 
0.076151    5.99190173    1.06805245    4.92384928    0.00073287   -0.19828492   -0.64813810   -0.02921036  no 
0.092107    5.88710722    0.97921403    4.90789319    0.00033410   -0.19083642   -0.61545673   -0.02535668  no 
0.108289    5.79320104    0.90148978    4.89171126   -0.00006804   -0.18284688   -0.58452019   -0.02122744  no 
0.124471    5.70902874    0.83349942    4.87552933   -0.00045806   -0.17451003   -0.55556723   -0.01693700  no 
0.139893    5.63607628    0.77596887    4.86010741   -0.00081213   -0.16634450   -0.52962706   -0.01275099  no 
0.156061    5.56581464    0.72187599    4.84393865   -0.00116094   -0.15767753   -0.50397793   -0.00830679  no 
0.172529    5.49970939    0.67223826    4.82747114   -0.00149296   -0.14879783   -0.47932816   -0.00376129  no 
0.189116    5.43781220    0.62692807    4.81088413   -0.00179629   -0.13988488   -0.45585831    0.00080027  no 
0.222385    5.32503560    0.54742107    4.77761453   -0.00233332   -0.12228498   -0.41231285    0.00979041  no 
0.236584    5.28091115    0.51749474    4.76341641   -0.00249855   -0.11493401   -0.39510460    0.01353746  no 
0.267942    5.18991720    0.45785927    4.73205793   -0.00283642   -0.09917601   -0.35934715    0.02156027  no 
0.287672    5.13668774    0.42436009    4.71232766   -0.00300341   -0.08962791   -0.33834251    0.02641752  no 
0.323457    5.04677946    0.37023601    4.67654344   -0.00321337   -0.07307072   -0.30284031    0.03484176  no 
0.345138    4.99591911    0.34105760    4.65486151   -0.00330418   -0.06349203   -0.28279942    0.03971387  no 
0.382484    4.91368581    0.29616983    4.61751598   -0.00340023   -0.04779216   -0.25048813    0.04769348  no 
0.419830    4.83753616    0.25736574    4.58017042   -0.00341341   -0.03303311   -0.22074829    0.05519224  no 
0.444768    4.78969127    0.23445904    4.55523223   -0.00338616   -0.02366532   -0.20214066    0.05995150  no 
0.484718    4.71764275    0.20236110    4.51528165   -0.00328795   -0.00941311   -0.17416893    0.06719301  no 
0.536679    4.63197746    0.16865625    4.46332121   -0.00308625    0.00786413   -0.14075424    0.07596623  no 
0.598247    4.54209401    0.14034118    4.40175283   -0.00279277    0.02671344   -0.10480225    0.08553508  no 
0.667502    4.45601501    0.12351688    4.33249813   -0.00234680    0.04616458   -0.06766396    0.09541599  no 
0.676612    4.44627260    0.12288491    4.32338768   -0.00231924    0.04850193   -0.06380737    0.09660777  no 
0.704612    4.41681760    0.12142992    4.29538769   -0.00212291    0.05576158   -0.05026833    0.10030090  no 
0.747012    4.37621933    0.12323165    4.25298768   -0.00180038    0.06628706   -0.03074181    0.10565863  no 
0.800932    4.32989569    0.13082804    4.19906765   -0.00135171    0.07892639   -0.00743286    0.11209212  no 
0.864068    4.28035046    0.14441879    4.13593167   -0.00078096    0.09276776    0.01796288    0.11913612  no 
0.934577    4.22794659    0.16252370    4.06542289   -0.00009731    0.10714505    0.04424736    0.12645624  no 
1.010984    4.17230717    0.18329135    3.98901582    0.00068655    0.12156844    0.07065079    0.13381506  no 
1.092110    4.11315361    0.20526341    3.90789020    0.00155319    0.13569264    0.09676025    0.14104549  no 
1.177010    4.05047615    0.22748645    3.82298970    0.00245886    0.14932762    0.12229584    0.14805067  no 
1.264931    3.98448617    0.24941689    3.73506927    0.00329377    0.16235516    0.14719215    0.15476874  no 
1.355267    3.91539381    0.27066086    3.64473295    0.00412442    0.17470611    0.17125832    0.16115422  no 
1.447536    3.84345436    0.29099047    3.55246389    0.00498861    0.18641611    0.19428856    0.16721291  no 
1.541351    3.76895546    0.31030678    3.45864868    0.00588989    0.19751414    0.21625076    0.17292134  no 
1.636404    3.69222781    0.32863137    3.36359644    0.00682379    0.20801297    0.23721451    0.17833515  no 
1.732445    3.61354904    0.34599440    3.26755464    0.00777912    0.21792915    0.25726166    0.18345514  no 
1.829279    3.53317063    0.36244934    3.17072129    0.00873823    0.22727823    0.27647743    0.18829969  no 
1.926745    3.45133185    0.37807726    3.07325459    0.00966953    0.23609205    0.29497627    0.19288029  no 
2.024719    3.36818889    0.39290765    2.97528124    0.01059052    0.24439963    0.31277107    0.19720380  no 
2.123097    3.28388084    0.40697826    2.87690258    0.01151168    0.25224144    0.32985725    0.20130502  no 
2.221801    3.19852426    0.42032483    2.77819943    0.01244570    0.25966397    0.34623703    0.20519612  no 
2.320763    3.11223497    0.43299784    2.67923713    0.01339134    0.26670183    0.36194908    0.20889229  no 
2.419933    3.02510991    0.44504275    2.58006716    0.01434558    0.27338791    0.37703209    0.21239827  no 
2.519269    2.93723642    0.45650517    2.48073125    0.01530717    0.27974783    0.39153374    0.21571598  no 
2.618737    2.84871880    0.46745626    2.38126254    0.01627569    0.28580432    0.40549843    0.21893116  no 
2.718313    2.75961564    0.47792814    2.28168750    0.01725604    0.29156993    0.41899307    0.22199996  no 
2.817972    2.66998271    0.48795513    2.18202758    0.01822840    0.29706478    0.43204681    0.22493561  no 
2.917700    2.57986536    0.49756565    2.08229971    0.01918786    0.30230639    0.44468491    0.22774388  no 
3.017483    2.48930687    0.50678963    1.98251724    0.02014535    0.30731110    0.45693726    0.23042957  no 
3.117309    2.39835106    0.51565968    1.88269138    0.02110411    0.31209317    0.46884293    0.23299680  no 
3.217170    2.30704399    0.52421351    1.78283048    0.02206612    0.31665737    0.48046051    0.23544878  no 
3.317058    2.21541881    0.53247689    1.68294191    0.02302119    0.32099546    0.49184036    0.23778432  no 
3.416969    2.12351148    0.54048030    1.58303118    0.02394568    0.32511963    0.50302261    0.24001109  no 
3.516897    2.03132908    0.54822652    1.48310256    0.02484843    0.32904222    0.51400711    0.24211064  no 
3.616841    1.93888837    0.55572897    1.38315940    0.02574285    0.33280139    0.52473297    0.24416163  no 
3.716795    1.84618940    0.56298437    1.28320503    0.02663816    0.33641139    0.53518997    0.24614151  no 
3.816758    1.75325254    0.57001093    1.18324161    0.02753728    0.33987856    0.54539429    0.24806538  no 
3.916729    1.66008567    0.57681488    1.08327079    0.02843119    0.34320289    0.55536621    0.24991366  no 
4.016706    1.56670421    0.58341020    0.98329401    0.02931538    0.34638747    0.56512177    0.25169470  no 
4.116687    1.47311992    0.58980722    0.88331270    0.03019632    0.34943767    0.57466934    0.25341340  no 
4.216672    1.37935503    0.59602698    0.78332806    0.03106880    0.35236281    0.58403854    0.25507363  no 
4.316660    1.28542123    0.60208163    0.68333960    0.03192825    0.35515985    0.59325836    0.25666708  no 
4.416651    1.19133924    0.60799002    0.58334923    0.03277054    0.35781388    0.60237885    0.25818896  no 
4.516643    1.09711587    0.61375891    0.48335695    0.03360202    0.36033500    0.61139908    0.25964449  no 
4.616637    1.00274153    0.61937828    0.38336325    0.03443368    0.36275079    0.62026230    0.26105069  no 
4.716632    0.90821302    0.62484491    0.28336811    0.03526758    0.36507576    0.62894730    0.26240767  no 
4.816628    0.81353674    0.63016472    0.18337202    0.03610280    0.36731733    0.63745270    0.26372370  no 
4.916625    0.71872071    0.63534573    0.08337498    0.03693918    0.36948525    0.64578201    0.26500369  no 
5.000000    0.63956480    0.63956480    0.00000000    0.03763714    0.37123988    0.65259750    0.26604585  BEST-STATE 
