#
# State information.
#
#


# dataset 0: For the stoma (column numbers are in brackets)
# 1  2  3  4  5  6  7  8  9  10  11  12  13  14  15  16  
t  pore-length  pore-width  stoma-length  stoma-width  pore-area  gc0-height  gc0-width  gc0-ar  gc0-surface-area  gc0-volume  gc1-height  gc1-width  gc1-ar  gc1-surface-area  gc1-volume  
0.000000   17.00000000    2.00000000   45.00000000   32.00000000   26.66142133   15.00000000   15.00000000    1.00000000  1682.89731753  4633.88931046   15.00000000   15.00000000    1.00000000  1682.89731753  4633.88931046 
0.100000   17.02882866    2.23343350   45.02624804   32.25127265   28.96235953   14.99338693   15.00891957    0.99896511  1691.08327294  4668.23301474   14.99338693   15.00891957    0.99896511  1691.08327294  4668.23301474 
0.200000   17.05712984    2.46555090   45.05587629   32.49558508   31.31948567   14.98935286   15.01501709    0.99829076  1699.25678908  4702.57796136   14.98935286   15.01501709    0.99829076  1699.25678908  4702.57796136 
0.300000   17.08551680    2.69524097   45.08855721   32.73475689   33.71198427   14.98663743   15.01975796    0.99779487  1707.54610674  4736.81402665   14.98663743   15.01975796    0.99779487  1707.54610674  4736.81402665 
0.400000   17.11447040    2.92204022   45.12410081   32.96985596   36.12809017   14.98460450   15.02390787    0.99738395  1715.91424722  4771.30054578   14.98460450   15.02390787    0.99738395  1715.91424722  4771.30054578 
0.500000   17.14439364    3.14580274   45.16240060   33.20156145   38.56114966   14.98292270   15.02787936    0.99700845  1724.35331313  4805.86009544   14.98292270   15.02787936    0.99700845  1724.35331313  4805.86009544 
0.600000   17.17563735    3.36654019   45.20340766   33.43033338   41.00758270   14.98141675   15.03189659    0.99664182  1732.86185780  4840.59301757   14.98141675   15.03189659    0.99664182  1732.86185780  4840.59301757 
0.700000   17.20851371    3.58434391   45.24710868   33.65650487   43.46560420   14.97999091   15.03608048    0.99626967  1741.47675132  4875.52656528   14.97999091   15.03608048    0.99626967  1741.47675132  4875.52656528 
0.800000   17.24330047    3.79934645   45.29352346   33.88032854   45.93480448   14.97859893   15.04049104    0.99588497  1750.18717469  4910.73909575   14.97859893   15.04049104    0.99588497  1750.18717469  4910.73909575 
0.900000   17.28025031    4.01170015   45.34268135   34.10200620   48.41547226   14.97722272   15.04515302    0.99548490  1758.98543020  4946.32377268   14.97722272   15.04515302    0.99548490  1758.98543020  4946.32377268 
1.000000   17.31958956    4.22157240   45.39462256   34.32170486   50.90864908   14.97586348   15.05006623    0.99506961  1767.89344259  4982.04397528   14.97586348   15.05006623    0.99506961  1767.89344259  4982.04397528 
1.100000   17.36152175    4.42913318   45.44940561   34.53957987   53.41583072   14.97452576   15.05522335    0.99463989  1776.90883328  5018.32905152   14.97452576   15.05522335    0.99463989  1776.90883328  5018.32905152 
1.200000   17.40623423    4.63456416   45.50709933   34.75577855   55.93898554   14.97322362   15.06060719    0.99419787  1786.02938478  5054.95188199   14.97322362   15.06060719    0.99419787  1786.02938478  5054.95188199 
1.300000   17.45389542    4.83804011   45.56775814   34.97043276   58.48019092   14.97197415   15.06619632    0.99374612  1795.28409346  5091.97757940   14.97197415   15.06619632    0.99374612  1795.28409346  5091.97757940 
1.400000   17.50467050    5.03970480   45.63145024   35.18364239   61.04150302   14.97079469   15.07196879    0.99328727  1804.63187342  5129.42608882   14.97079469   15.07196879    0.99328727  1804.63187342  5129.42608882 
1.500000   17.55871886    5.23969936   45.69824535   35.39550400   63.62513007   14.96970300   15.07790232    0.99282398  1814.14736882  5167.18255901   14.96970300   15.07790232    0.99282398  1814.14736882  5167.18255901 
1.600000   17.61617655    5.43817663   45.76821709   35.60612774   66.23356321   14.96871668   15.08397555    0.99235885  1823.81202603  5205.48520863   14.96871668   15.08397555    0.99235885  1823.81202603  5205.48520863 
1.700000   17.67717016    5.63530040   45.84142697   35.81563449   68.86959389   14.96785361   15.09016705    0.99189449  1833.61499451  5244.19150166   14.96785361   15.09016705    0.99189449  1833.61499451  5244.19150166 
1.800000   17.74181336    5.83121991   45.91794807   36.02413797   71.53592362   14.96712893   15.09645903    0.99143308  1843.56976203  5283.39066107   14.96712893   15.09645903    0.99143308  1843.56976203  5283.39066107 
1.900000   17.81020135    6.02606106   45.99785942   36.23173189   74.23516248   14.96655734   15.10283542    0.99097666  1853.67673037  5323.16433911   14.96655734   15.10283542    0.99097666  1853.67673037  5323.16433911 
2.000000   17.88243854    6.21996450   46.08124220   36.43852615   76.97018246   14.96615282   15.10928082    0.99052715  1863.92900259  5363.51588892   14.96615282   15.10928082    0.99052715  1863.92900259  5363.51588892 
2.100000   17.95863372    6.41305590   46.16817343   36.64462423   79.74366680   14.96592674   15.11578417    0.99008603  1874.35609464  5404.43493344   14.96592674   15.11578417    0.99008603  1874.35609464  5404.43493344 
2.200000   18.03890073    6.60545397   46.25873446   36.85012388   82.55842169   14.96589074   15.12233496    0.98965476  1884.94705481  5445.84978314   14.96589074   15.12233496    0.98965476  1884.94705481  5445.84978314 
2.300000   18.12332046    6.79728746   46.35299742   37.05513382   85.41749318   14.96605593   15.12892318    0.98923471  1895.69966292  5488.05879687   14.96605593   15.12892318    0.98923471  1895.69966292  5488.05879687 
2.400000   18.21197510    6.98868847   46.45103598   37.25977325   88.32403347   14.96643187   15.13554239    0.98882693  1906.65143101  5530.99766107   14.96643187   15.13554239    0.98882693  1906.65143101  5530.99766107 
2.500000   18.30494535    7.17978001   46.55292225   37.46415234   91.28119224   14.96702794   15.14218616    0.98843243  1917.78585219  5574.46162388   14.96702794   15.14218616    0.98843243  1917.78585219  5574.46162388 
2.600000   18.40230131    7.37068558   46.65872717   37.66838741   94.29224086   14.96785226   15.14885092    0.98805199  1929.12187218  5618.88698965   14.96785226   15.14885092    0.98805199  1929.12187218  5618.88698965 
2.700000   18.50411296    7.56153107   46.76852059   37.87259960   97.36053561   14.96891232   15.15553427    0.98768622  1940.63005067  5663.75941777   14.96891232   15.15553427    0.98768622  1940.63005067  5663.75941777 
2.800000   18.61044633    7.75243759   46.88236916   38.07690763  100.48949405   14.97021504   15.16223502    0.98733564  1952.35819448  5709.42185473   14.97021504   15.16223502    0.98733564  1952.35819448  5709.42185473 
2.900000   18.72136593    7.94352293   47.00034833   38.28143120  103.68257305   14.97176655   15.16895413    0.98700058  1964.28669523  5755.91243285   14.97176655   15.16895413    0.98700058  1964.28669523  5755.91243285 
3.000000   18.83693624    8.13489866   47.12252212   38.48628426  106.94322109   14.97357294   15.17569280    0.98668134  1976.44141279  5803.20994903   14.97357294   15.17569280    0.98668134  1976.44141279  5803.20994903 
3.100000   18.95721531    8.32667637   47.24895740   38.69158506  110.27500034   14.97563946   15.18245435    0.98637803  1988.81422888  5851.37082230   14.97563946   15.18245435    0.98637803  1988.81422888  5851.37082230 
3.200000   19.08225703    8.51897097   47.37971616   38.89745617  113.68157916   14.97797115   15.18924260    0.98609072  2001.41541954  5900.35436551   14.97797115   15.18924260    0.98609072  2001.41541954  5900.35436551 
3.300000   19.21212029    8.71188593   47.51486588   39.10401154  117.16657320   14.98057270   15.19606280    0.98581935  2014.24282910  5950.29983400   14.98057270   15.19606280    0.98581935  2014.24282910  5950.29983400 
3.400000   19.34685850    8.90552616   47.65447021   39.31136847  120.73370358   14.98344854   15.20292115    0.98556379  2027.31624183  6001.12804850   14.98344854   15.20292115    0.98556379  2027.31624183  6001.12804850 
3.500000   19.48652124    9.09999847   47.79858971   39.51964664  124.38678781   14.98660290   15.20982409    0.98532388  2040.63332539  6052.91578052   14.98660290   15.20982409    0.98532388  2040.63332539  6052.91578052 
3.600000   19.63115478    9.29540730   47.94728446   39.72896719  128.12971683   14.99003983   15.21677995    0.98509934  2054.17869265  6105.85110373   14.99003983   15.21677995    0.98509934  2054.17869265  6105.85110373 
3.700000   19.78080559    9.49185324   48.10060954   39.93944836  131.96641573   14.99376323   15.22379756    0.98488982  2068.01512013  6159.63868655   14.99376323   15.22379756    0.98488982  2068.01512013  6159.63868655 
3.800000   19.93551922    9.68943405   48.25862432   40.15120506  135.90084531   14.99777692   15.23088551    0.98469501  2082.11095202  6214.51718388   14.99777692   15.23088551    0.98469501  2082.11095202  6214.51718388 
3.900000   20.09533882    9.88824511   48.42138624   40.36435509  139.93703456   15.00208469   15.23805499    0.98451441  2096.47971736  6270.50294147   15.00208469   15.23805499    0.98451441  2096.47971736  6270.50294147 
4.000000   20.26030111   10.08838749   48.58894372   40.57901859  144.07916813   15.00669034   15.24531555    0.98434764  2111.11353266  6327.63973530   15.00669034   15.24531555    0.98434764  2111.11353266  6327.63973530 
4.100000   20.43044090   10.28995609   48.76134491   40.79531479  148.33144572   15.01159771   15.25267935    0.98419415  2126.04550281  6385.91276053   15.01159771   15.25267935    0.98419415  2126.04550281  6385.91276053 
4.200000   20.60579562   10.49304485   48.93863869   41.01335907  152.69812054   15.01681074   15.26015711    0.98405348  2141.26528845  6445.31377438   15.01681074   15.26015711    0.98405348  2141.26528845  6445.31377438 
4.300000   20.78639579   10.69774532   49.12086868   41.23326778  157.18351513   15.02233346   15.26776123    0.98392510  2156.78918694  6505.91552967   15.02233346   15.26776123    0.98392510  2156.78918694  6505.91552967 
4.400000   20.97227263   10.90414810   49.30807781   41.45515919  161.79203960   15.02817009   15.27550554    0.98380836  2172.60090963  6567.82811108   15.02817009   15.27550554    0.98380836  2172.60090963  6567.82811108 
4.500000   21.16345644   11.11234188   49.50030947   41.67914391  166.52809573   15.03432495   15.28340101    0.98370284  2188.72372599  6630.99768309   15.03432495   15.28340101    0.98370284  2188.72372599  6630.99768309 
4.600000   21.35997105   11.32241344   49.69761133   41.90533733  171.39621549   15.04080260   15.29146194    0.98360789  2205.16894658  6695.44924737   15.04080260   15.29146194    0.98360789  2205.16894658  6695.44924737 
4.700000   21.56184149   11.53444862   49.90001583   42.13385391  176.40096473   15.04760785   15.29970264    0.98352290  2221.94115990  6761.22149534   15.04760785   15.29970264    0.98352290  2221.94115990  6761.22149534 
4.800000   21.76908684   11.74853611   50.10755491   42.36480713  181.54702891   15.05474570   15.30813551    0.98344738  2239.01772130  6828.40937340   15.05474570   15.30813551    0.98344738  2239.01772130  6828.40937340 
4.900000   21.98172235   11.96475983   50.32025766   42.59830952  186.83911233   15.06222145   15.31677485    0.98338074  2256.45070174  6896.96877325   15.06222145   15.31677485    0.98338074  2256.45070174  6896.96877325 
5.000000   22.19976664   12.18320370   50.53815079   42.83447552  192.28197890   15.07004067   15.32563591    0.98332237  2274.22192531  6966.98892432   15.07004067   15.32563591    0.98332237  2274.22192531  6966.98892432 


# dataset 1: optimisation metric
# 1  2  3  4  5  6  7  8  9  
t  metric  metric_raw  dp  pc-gc0-width  pc-pore-length  pc-pore-width  pc-stoma-length  best  
0.000000    6.85114063    1.85114063    5.00000000    0.00000000   -0.22727273   -0.84000000   -0.04255319  no 
0.100000    6.64165994    1.74165995    4.90000000    0.00059464   -0.22596233   -0.82132532   -0.04199472  no 
0.200000    6.44368153    1.64368153    4.80000000    0.00100114   -0.22467592   -0.80275593   -0.04136433  no 
0.300000    6.25548534    1.55548535    4.69999999    0.00131720   -0.22338560   -0.78438072   -0.04066900  no 
0.400000    6.07554355    1.47554356    4.59999999    0.00159386   -0.22206953   -0.76623678   -0.03991275  no 
0.500000    5.90258353    1.40258353    4.50000000    0.00185862   -0.22070938   -0.74833578   -0.03909786  no 
0.600000    5.73556618    1.33556620    4.39999998    0.00212644   -0.21928921   -0.73067678   -0.03822537  no 
0.700000    5.57364529    1.27364527    4.30000001    0.00240537   -0.21779483   -0.71325249   -0.03729556  no 
0.800000    5.41612784    1.21612786    4.19999999    0.00269940   -0.21621362   -0.69605228   -0.03630801  no 
0.900000    5.26244247    1.16244245    4.10000002    0.00301020   -0.21453408   -0.67906399   -0.03526210  no 
1.000000    5.11211214    1.11211214    4.00000000    0.00333775   -0.21274593   -0.66227421   -0.03415697  no 
1.100000    4.96473667    1.06473669    3.89999998    0.00368156   -0.21083992   -0.64566935   -0.03299137  no 
1.200000    4.81997467    1.01997472    3.79999995    0.00404048   -0.20880753   -0.62923487   -0.03176384  no 
1.300000    4.67753599    0.97753594    3.70000005    0.00441309   -0.20664112   -0.61295679   -0.03047323  no 
1.400000    4.53717601    0.93717599    3.60000002    0.00479792   -0.20433316   -0.59682362   -0.02911808  no 
1.500000    4.39868285    0.89868285    3.50000000    0.00519349   -0.20187642   -0.58082405   -0.02769691  no 
1.600000    4.26186910    0.86186912    3.39999998    0.00559837   -0.19926470   -0.56494587   -0.02620815  no 
1.700000    4.12656796    0.82656801    3.29999995    0.00601114   -0.19649227   -0.54917597   -0.02465049  no 
1.800000    3.99263451    0.79263446    3.20000005    0.00643060   -0.19355394   -0.53350241   -0.02302238  no 
1.900000    3.85994344    0.75994342    3.10000002    0.00685569   -0.19044539   -0.51791512   -0.02132214  no 
2.000000    3.72838059    0.72838059    3.00000000    0.00728539   -0.18716188   -0.50240284   -0.01954804  no 
2.100000    3.59784570    0.69784561    2.90000010    0.00771894   -0.18369847   -0.48695553   -0.01769844  no 
2.200000    3.46824884    0.66824889    2.79999995    0.00815566   -0.18004997   -0.47156368   -0.01577161  no 
2.300000    3.33950862    0.63950857    2.70000005    0.00859488   -0.17621271   -0.45621700   -0.01376601  no 
2.400000    3.21155000    0.61155010    2.59999990    0.00903616   -0.17218295   -0.44090492   -0.01168009  no 
2.500000    3.08430708    0.58430708    2.50000000    0.00947908   -0.16795703   -0.42561760   -0.00951229  no 
2.600000    2.95771943    0.55771934    2.40000010    0.00992339   -0.16353176   -0.41034515   -0.00726112  no 
2.700000    2.83173193    0.53173197    2.29999995    0.01036895   -0.15890396   -0.39507751   -0.00492509  no 
2.800000    2.70629586    0.50629581    2.20000005    0.01081567   -0.15407062   -0.37980499   -0.00250278  no 
2.900000    2.58136667    0.48136676    2.09999990    0.01126361   -0.14902882   -0.36451817    0.00000741  no 
3.000000    2.45690579    0.45690579    2.00000000    0.01171285   -0.14377563   -0.34920811    0.00260685  no 
3.100000    2.33287813    0.43287803    1.90000010    0.01216362   -0.13830840   -0.33386589    0.00529697  no 
3.200000    2.20925227    0.40925232    1.79999995    0.01261617   -0.13262468   -0.31848232    0.00807907  no 
3.300000    2.08600268    0.38600263    1.70000005    0.01307085   -0.12672180   -0.30304913    0.01095459  no 
3.400000    1.96310684    0.36310693    1.59999990    0.01352808   -0.12059734   -0.28755791    0.01392490  no 
3.500000    1.84054742    0.34054742    1.50000000    0.01398827   -0.11424903   -0.27200012    0.01699127  no 
3.600000    1.71831156    0.31831146    1.40000010    0.01445200   -0.10767478   -0.25636742    0.02015499  no 
3.700000    1.59639240    0.29639245    1.29999995    0.01491984   -0.10087247   -0.24065174    0.02341722  no 
3.800000    1.47479100    0.27479095    1.20000005    0.01539237   -0.09384004   -0.22484528    0.02677924  no 
3.900000    1.35351645    0.25351655    1.09999990    0.01587033   -0.08657551   -0.20894039    0.03024226  no 
4.000000    1.23259003    0.23259003    1.00000000    0.01635437   -0.07907722   -0.19292900    0.03380731  no 
4.100000    1.11204903    0.21204894    0.90000010    0.01684529   -0.07134360   -0.17680351    0.03747542  no 
4.200000    0.99195422    0.19195403    0.80000019    0.01734381   -0.06337293   -0.16055641    0.04124763  no 
4.300000    0.87240067    0.17240086    0.69999981    0.01785075   -0.05516383   -0.14418037    0.04512487  no 
4.400000    0.75353777    0.15353786    0.59999990    0.01836704   -0.04671488   -0.12766815    0.04910804  no 
4.500000    0.63559655    0.13559655    0.50000000    0.01889340   -0.03802471   -0.11101265    0.05319807  no 
4.600000    0.51893987    0.11893977    0.40000010    0.01943080   -0.02909223   -0.09420692    0.05739599  no 
4.700000    0.40413272    0.10413253    0.30000019    0.01998018   -0.01991630   -0.07724411    0.06170246  no 
4.800000    0.29202107    0.09202126    0.19999981    0.02054237   -0.01049605   -0.06011711    0.06611819  no 
4.900000    0.18373807    0.08373816    0.09999990    0.02111832   -0.00083080   -0.04281921    0.07064378  no 
5.000000    0.08043580    0.08043580    0.00000000    0.02170906    0.00908030   -0.02534370    0.07527980  BEST-STATE 
