#
# State information.
#
#


# dataset 0: For the stoma (column numbers are in brackets)
# 1  2  3  4  5  6  7  8  9  10  11  12  13  14  15  16  
t  pore-length  pore-width  stoma-length  stoma-width  pore-area  gc0-height  gc0-width  gc0-ar  gc0-surface-area  gc0-volume  gc1-height  gc1-width  gc1-ar  gc1-surface-area  gc1-volume  
0.000000   17.00000000    2.00000000   45.00000000   32.00000000   26.66142133   12.00000000   15.00000000    0.80000000  1463.01612056  3561.23161106           nan           nan           nan           nan           nan 
0.100000   17.00551695    2.24687997   45.00361579   31.94595185   29.31326583   12.18544249   14.84953594    0.82059416  1465.95507050  3583.47346582           nan           nan           nan           nan           nan 
0.200000   17.01515824    2.45251530   45.00653298   31.92551072   31.55262683   12.32316172   14.73649771    0.83623409  1469.03633576  3603.26714960           nan           nan           nan           nan           nan 
0.300000   17.02759664    2.63132614   45.00930918   31.92739355   33.52742569   12.43068391   14.64803370    0.84862475  1472.24789245  3621.68102374           nan           nan           nan           nan           nan 
0.400000   17.04203694    2.79176819   45.01223916   31.94493456   35.32363556   12.51791036   14.57658318    0.85876849  1475.52931237  3639.14238947           nan           nan           nan           nan           nan 
0.500000   17.05797211    2.93904245   45.01549015   31.97398392   36.99395499   12.59091890   14.51747074    0.86729425  1478.86349026  3655.94938513           nan           nan           nan           nan           nan 
0.600000   17.07513940    3.07634580   45.01915412   32.01176346   38.56972334   12.65292519   14.46770883    0.87456316  1482.26279940  3672.32000233           nan           nan           nan           nan           nan 
0.700000   17.09331672    3.20621181   45.02329743   32.05629394   40.07450031   12.70647824   14.42504107    0.88086253  1485.70533494  3688.35412158           nan           nan           nan           nan           nan 
0.800000   17.11236078    3.33035862   45.02797273   32.10639074   41.52424346   12.75337571   14.38801606    0.88638876  1489.18713489  3704.15989940           nan           nan           nan           nan           nan 
0.900000   17.13212144    3.44960380   45.03319783   32.16103160   42.92977837   12.79498756   14.35571390    0.89128187  1492.72228611  3719.80524904           nan           nan           nan           nan           nan 
1.000000   17.15249571    3.56487596   45.03898965   32.21933170   44.30069594   12.83240491   14.32722787    0.89566558  1496.29767071  3735.39008734           nan           nan           nan           nan           nan 
1.100000   17.17341192    3.67702842   45.04536974   32.28061482   45.64510158   12.86654931   14.30179320    0.89964588  1499.87877809  3750.74545212           nan           nan           nan           nan           nan 
1.200000   17.19481137    3.78671753   45.05234835   32.34422553   46.96919182   12.89853156   14.27875400    0.90333733  1503.49575316  3766.11441426           nan           nan           nan           nan           nan 
1.300000   17.21672007    3.89423156   45.05994260   32.40996182   48.27502426   12.92839736   14.25786513    0.90675548  1507.13910674  3781.45087825           nan           nan           nan           nan           nan 
1.400000   17.23915277    3.99980855   45.06817424   32.47768486   49.56418433   12.95605958   14.23893815    0.90990349  1510.81318820  3796.69555240           nan           nan           nan           nan           nan 
1.500000   17.26207554    4.10341740   45.07704393   32.54709059   50.83922902   12.98189014   14.22183660    0.91281390  1514.52538370  3812.05835537           nan           nan           nan           nan           nan 
1.600000   17.28546450    4.20534539   45.08655571   32.61792034   52.10252493   13.00634134   14.20628747    0.91553415  1518.26117338  3827.33436606           nan           nan           nan           nan           nan 
1.700000   17.30931368    4.30578136   45.09671920   32.68996769   53.35589404   13.02987421   14.19209316    0.91810800  1522.02184667  3842.69924900           nan           nan           nan           nan           nan 
1.800000   17.33366728    4.40467477   45.10755342   32.76329070   54.59924672   13.05204237   14.17930797    0.92049925  1525.82240663  3858.12162697           nan           nan           nan           nan           nan 
1.900000   17.35853010    4.50217175   45.11906633   32.83775049   55.83434645   13.07295859   14.16778937    0.92272395  1529.64187000  3873.50146456           nan           nan           nan           nan           nan 
2.000000   17.38390106    4.59839511   45.13126287   32.91322654   57.06234117   13.09275520   14.15741572    0.92479839  1533.50489215  3888.94944136           nan           nan           nan           nan           nan 
2.100000   17.40978038    4.69347715   45.14415587   32.98958606   58.28470556   13.11155772   14.14805445    0.92673927  1537.39717747  3904.47860178           nan           nan           nan           nan           nan 
2.200000   17.43617812    4.78752995   45.15775797   33.06677127   59.50278974   13.12947071   14.13962066    0.92855891  1541.32387953  3920.06127874           nan           nan           nan           nan           nan 
2.300000   17.46309775    4.88064957   45.17207429   33.14469981   60.71769879   13.14658463   14.13202512    0.93026898  1545.28142525  3935.72531437           nan           nan           nan           nan           nan 
2.400000   17.49054223    4.97291851   45.18710509   33.22315598   61.93026791   13.16298103   14.12511873    0.93188463  1549.27569396  3951.44488608           nan           nan           nan           nan           nan 
2.500000   17.51851648    5.06441855   45.20286150   33.30195165   63.14148588   13.17873073   14.11876655    0.93341941  1553.30098531  3967.28130575           nan           nan           nan           nan           nan 
2.600000   17.54703724    5.15518498   45.21935485   33.38133144   64.35202680   13.19388020   14.11307323    0.93486939  1557.35600009  3983.16297857           nan           nan           nan           nan           nan 
2.700000   17.57611918    5.24526620   45.23659286   33.46125281   65.56232467   13.20847750   14.10799330    0.93624070  1561.44641418  3999.16133413           nan           nan           nan           nan           nan 
2.800000   17.60577172    5.33474064   45.25458810   33.54166925   66.77313423   13.22257280   14.10346431    0.93754077  1565.57494274  4015.29160762           nan           nan           nan           nan           nan 
2.900000   17.63600391    5.42364645   45.27335116   33.62254572   67.98521686   13.23621130   14.09944963    0.93877503  1569.72263106  4031.31575772           nan           nan           nan           nan           nan 
3.000000   17.66682369    5.51204562   45.29289383   33.70385337   69.19907007   13.24943280   14.09590387    0.93994915  1573.88807939  4047.47901449           nan           nan           nan           nan           nan 
3.100000   17.69823760    5.59996939   45.31321475   33.78555942   70.41525715   13.26227546   14.09279501    0.94106779  1578.11310969  4063.90755105           nan           nan           nan           nan           nan 
3.200000   17.73026335    5.68747807   45.33432698   33.86761022   71.63454923   13.27476871   14.09006608    0.94213673  1582.38015609  4080.41637118           nan           nan           nan           nan           nan 
3.300000   17.76290679    5.77455902   45.35623452   33.95001495   72.85733618   13.28694069   14.08772796    0.94315710  1586.68553525  4097.02690121           nan           nan           nan           nan           nan 
3.400000   17.79617631    5.86132812   45.37894484   34.03274083   74.08434826   13.29881895   14.08570635    0.94413575  1591.02629277  4113.76505202           nan           nan           nan           nan           nan 
3.500000   17.83008933    5.94811749   45.40247175   34.11575842   75.31646185   13.31042135   14.08382046    0.94508599  1595.40426871  4130.61821784           nan           nan           nan           nan           nan 
3.600000   17.86465496    6.03476238   45.42682239   34.19905829   76.55326751   13.32176220   14.08214796    0.94600357  1599.81942830  4147.60163288           nan           nan           nan           nan           nan 
3.700000   17.89986390    6.12101507   45.45198897   34.28264189   77.79464989   13.33286822   14.08081341    0.94688196  1604.26963214  4164.69808586           nan           nan           nan           nan           nan 
3.800000   17.93572104    6.20697880   45.47797382   34.36652470   79.04096549   13.34376097   14.07977295    0.94772558  1608.76500166  4181.94732560           nan           nan           nan           nan           nan 
3.900000   17.97223413    6.29267025   45.50478244   34.45069766   80.29265632   13.35445940   14.07901371    0.94853657  1613.29982690  4199.30910912           nan           nan           nan           nan           nan 
4.000000   18.00941610    6.37810421   45.53242546   34.53515482   81.55018441   13.36497808   14.07852530    0.94931662  1617.87839232  4216.83141649           nan           nan           nan           nan           nan 
4.100000   18.04727316    6.46329832   45.56090730   34.61977291   82.81395607   13.37533116   14.07823730    0.95007144  1622.49319849  4234.47677466           nan           nan           nan           nan           nan 
4.200000   18.08581460    6.54827499   45.59023339   34.70459366   84.08438440   13.38553357   14.07815933    0.95080140  1627.14833207  4252.26787983           nan           nan           nan           nan           nan 
4.300000   18.12505126    6.63316345   45.62041146   34.78955030   85.36213183   13.39559031   14.07819343    0.95151344  1631.84730028  4270.20536440           nan           nan           nan           nan           nan 
4.400000   18.16499805    6.71803713   45.65145260   34.87475824   86.64731868   13.40550768   14.07836056    0.95220659  1636.58815999  4288.29070469           nan           nan           nan           nan           nan 
4.500000   18.20566738    6.80279160   45.68336642   34.96022153   87.93998309   13.41529334   14.07871497    0.95287769  1641.37241756  4306.52980743           nan           nan           nan           nan           nan 
4.600000   18.24705529    6.88734627   45.71614873   35.04596138   89.24014971   13.42496681   14.07930756    0.95352465  1646.20138366  4324.93461145           nan           nan           nan           nan           nan 
4.700000   18.28916848    6.97174025   45.74980396   35.13198233   90.54815445   13.43454063   14.08012104    0.95414951  1651.07433766  4343.49236340           nan           nan           nan           nan           nan 
4.800000   18.33201623    7.05599022   45.78434008   35.21828580   91.86435669   13.44402480   14.08114779    0.95475348  1655.98988545  4362.23163397           nan           nan           nan           nan           nan 
4.900000   18.37560737    7.14011335   45.81976479   35.30487370   93.18911347   13.45342851   14.08238018    0.95533769  1660.94617337  4381.16443304           nan           nan           nan           nan           nan 
5.000000   18.41995084    7.22412491   45.85608435   35.39174891   94.52278194   13.46276081   14.08381200    0.95590319  1665.96044701  4400.20828570           nan           nan           nan           nan           nan 


# dataset 1: optimisation metric
# 1  2  3  4  5  6  7  8  9  
t  metric  metric_raw  dp  pc-gc0-width  pc-pore-length  pc-pore-width  pc-stoma-length  best  
0.000000    6.85114063    1.85114063    5.00000000    0.00000000   -0.22727273   -0.84000000   -0.04255319  no 
0.100000    6.63596915    1.73596915    4.90000000   -0.01003094   -0.22702196   -0.82024960   -0.04247626  no 
0.200000    6.44942252    1.64942253    4.80000000   -0.01756682   -0.22658372   -0.80379878   -0.04241419  no 
0.300000    6.27993445    1.57993446    4.69999999   -0.02346442   -0.22601833   -0.78949391   -0.04235512  no 
0.400000    6.12153115    1.52153116    4.59999999   -0.02822779   -0.22536196   -0.77665854   -0.04229278  no 
0.500000    5.97082893    1.47082893    4.50000000   -0.03216862   -0.22463763   -0.76487660   -0.04222361  no 
0.600000    5.82581411    1.42581414    4.39999998   -0.03548608   -0.22385730   -0.75389234   -0.04214566  no 
0.700000    5.68506102    1.38506101    4.30000001   -0.03833060   -0.22303106   -0.74350306   -0.04205750  no 
0.800000    5.54762534    1.34762535    4.19999999   -0.04079893   -0.22216542   -0.73357131   -0.04195803  no 
0.900000    5.41296443    1.31296440    4.10000002   -0.04295241   -0.22126721   -0.72403170   -0.04184685  no 
1.000000    5.28058281    1.28058281    4.00000000   -0.04485148   -0.22034110   -0.71480992   -0.04172362  no 
1.100000    5.15007066    1.25007069    3.89999998   -0.04654712   -0.21939037   -0.70583773   -0.04158788  no 
1.200000    5.02111939    1.22111944    3.79999995   -0.04808307   -0.21841766   -0.69706260   -0.04143940  no 
1.300000    4.89354666    1.19354661    3.70000005   -0.04947566   -0.21742181   -0.68846148   -0.04127782  no 
1.400000    4.76720172    1.16720169    3.60000002   -0.05073746   -0.21640215   -0.68001532   -0.04110268  no 
1.500000    4.64201409    1.14201409    3.50000000   -0.05187756   -0.21536020   -0.67172661   -0.04091396  no 
1.600000    4.51784660    1.11784662    3.39999998   -0.05291417   -0.21429707   -0.66357237   -0.04071158  no 
1.700000    4.39459706    1.09459711    3.29999995   -0.05386046   -0.21321301   -0.65553749   -0.04049534  no 
1.800000    4.27222408    1.07222403    3.20000005   -0.05471280   -0.21210603   -0.64762602   -0.04026482  no 
1.900000    4.15064795    1.05064793    3.10000002   -0.05548071   -0.21097590   -0.63982626   -0.04001987  no 
2.000000    4.02980102    1.02980102    3.00000000   -0.05617229   -0.20982268   -0.63212839   -0.03976036  no 
2.100000    3.90961925    1.00961915    2.90000010   -0.05679637   -0.20864635   -0.62452183   -0.03948605  no 
2.200000    3.79004696    0.99004701    2.79999995   -0.05735862   -0.20744645   -0.61699760   -0.03919664  no 
2.300000    3.67103682    0.97103678    2.70000005   -0.05786499   -0.20622283   -0.60954803   -0.03889204  no 
2.400000    3.55254699    0.95254708    2.59999990   -0.05832542   -0.20497535   -0.60216652   -0.03857223  no 
2.500000    3.43453959    0.93453959    2.50000000   -0.05874890   -0.20370380   -0.59484652   -0.03823699  no 
2.600000    3.31698618    0.91698609    2.40000010   -0.05912845   -0.20240740   -0.58758520   -0.03788607  no 
2.700000    3.19985836    0.89985841    2.29999995   -0.05946711   -0.20108549   -0.58037870   -0.03751930  no 
2.800000    3.08312497    0.88312493    2.20000005   -0.05976905   -0.19973765   -0.57322075   -0.03713642  no 
2.900000    2.96676296    0.86676305    2.09999990   -0.06003669   -0.19836346   -0.56610828   -0.03673721  no 
3.000000    2.85074748    0.85074748    2.00000000   -0.06027308   -0.19696256   -0.55903635   -0.03632141  no 
3.100000    2.73505976    0.83505967    1.90000010   -0.06048033   -0.19553465   -0.55200245   -0.03588905  no 
3.200000    2.61967714    0.81967719    1.79999995   -0.06066226   -0.19407894   -0.54500175   -0.03543985  no 
3.300000    2.50459090    0.80459085    1.70000005   -0.06081814   -0.19259515   -0.53803528   -0.03497373  no 
3.400000    2.38977121    0.78977131    1.59999990   -0.06095291   -0.19108289   -0.53109375   -0.03449054  no 
3.500000    2.27515657    0.77515657    1.50000000   -0.06107864   -0.18954139   -0.52415060   -0.03398996  no 
3.600000    2.16076595    0.76076585    1.40000010   -0.06119014   -0.18797023   -0.51721901   -0.03347186  no 
3.700000    2.04662996    0.74663001    1.29999995   -0.06127911   -0.18636982   -0.51031879   -0.03293640  no 
3.800000    1.93272469    0.73272464    1.20000005   -0.06134847   -0.18473995   -0.50344170   -0.03238354  no 
3.900000    1.81903950    0.71903959    1.09999990   -0.06139909   -0.18308027   -0.49658638   -0.03181314  no 
4.000000    1.70556537    0.70556537    1.00000000   -0.06143165   -0.18139018   -0.48975166   -0.03122499  no 
4.100000    1.59229310    0.69229300    0.90000010   -0.06145085   -0.17966940   -0.48293613   -0.03061899  no 
4.200000    1.47921291    0.67921272    0.80000019   -0.06145604   -0.17791752   -0.47613800   -0.02999503  no 
4.300000    1.36630036    0.66630056    0.69999981   -0.06145377   -0.17613403   -0.46934692   -0.02935295  no 
4.400000    1.25354077    0.65354087    0.59999990   -0.06144263   -0.17431827   -0.46255703   -0.02869250  no 
4.500000    1.14094337    0.64094337    0.50000000   -0.06141900   -0.17246966   -0.45577667   -0.02801348  no 
4.600000    1.02851424    0.62851415    0.40000010   -0.06137950   -0.17058840   -0.44901230   -0.02731598  no 
4.700000    0.91624312    0.61624293    0.30000019   -0.06132526   -0.16867416   -0.44226078   -0.02659992  no 
4.800000    0.80412263    0.60412282    0.19999981   -0.06125681   -0.16672654   -0.43552078   -0.02586510  no 
4.900000    0.69214706    0.59214716    0.09999990   -0.06117465   -0.16474512   -0.42879093   -0.02511139  no 
5.000000    0.58030980    0.58030980    0.00000000   -0.06107920   -0.16272951   -0.42207001   -0.02433863  BEST-STATE 
