#
# State information.
#
#


# dataset 0: For the stoma (column numbers are in brackets)
# 1  2  3  4  5  6  7  8  9  10  11  12  13  14  15  16  
t  pore-length  pore-width  stoma-length  stoma-width  pore-area  gc0-height  gc0-width  gc0-ar  gc0-surface-area  gc0-volume  gc1-height  gc1-width  gc1-ar  gc1-surface-area  gc1-volume  
0.000000   17.00000000    2.00000000   45.00000000   32.00000000   26.66142133   15.00000000   15.00000000    1.00000000  1682.89731753  4633.88931046   15.00000000   15.00000000    1.00000000  1682.89731753  4633.88931046 
0.100000   17.01106160    2.10832844   45.01217788   32.12796621   27.69727467   14.99849138   15.00981889    0.99924533  1687.38527599  4653.24199672   14.99849138   15.00981889    0.99924533  1687.38527599  4653.24199672 
0.200000   17.02171835    2.21757402   45.02527312   32.25347567   28.76176139   14.99857201   15.01795083    0.99870962  1691.89108344  4672.63809127   14.99857201   15.01795083    0.99870962  1691.89108344  4672.63809127 
0.300000   17.03208532    2.32718578   45.03920818   32.37709230   29.84760333   14.99975033   15.02495326    0.99832260  1696.38973901  4692.10311660   14.99975033   15.02495326    0.99832260  1696.38973901  4692.10311660 
0.400000   17.04225481    2.43680692   45.05392716   32.49920616   30.94972814   15.00170076   15.03119962    0.99803749  1700.90821757  4711.61556116   15.00170076   15.03119962    0.99803749  1700.90821757  4711.61556116 
0.500000   17.05230684    2.54619735   45.06939052   32.62008965   32.06444967   15.00420245   15.03694615    0.99782245  1705.47633358  4731.08384558   15.00420245   15.03694615    0.99782245  1705.47633358  4731.08384558 
0.600000   17.06231239    2.65519458   45.08556716   32.73993778   33.18902432   15.00710314   15.04237160    0.99765539  1710.07901836  4750.71699229   15.00710314   15.04237160    0.99765539  1710.07901836  4750.71699229 
0.700000   17.07233015    2.76369494   45.10243426   32.85890239   34.32146373   15.01029502   15.04760373    0.99752062  1714.72084581  4770.43716832   15.01029502   15.04760373    0.99752062  1714.72084581  4770.43716832 
0.800000   17.08241309    2.87163293   45.11997429   32.97710210   35.46029909   15.01370123   15.05273458    0.99740689  1719.36379965  4790.27275463   15.01370123   15.05273458    0.99740689  1719.36379965  4790.27275463 
0.900000   17.09261528    2.97896099   45.13817665   33.09462297   36.60434151   15.01726661   15.05783099    0.99730609  1724.04612320  4810.20735567   15.01726661   15.05783099    0.99730609  1724.04612320  4810.20735567 
1.000000   17.10298572    3.08564973   45.15703380   33.21153319   37.75268580   15.02095135   15.06294173    0.99721234  1728.74748296  4830.19716164   15.02095135   15.06294173    0.99721234  1728.74748296  4830.19716164 
1.100000   17.11356795    3.19168687   45.17654145   33.32789147   38.90469021   15.02472669   15.06810230    0.99712136  1733.49637395  4850.30109755   15.02472669   15.06810230    0.99712136  1733.49637395  4850.30109755 
1.200000   17.12440325    3.29706860   45.19669802   33.44374621   40.05987674   15.02857196   15.07333881    0.99703006  1738.27160368  4870.51591466   15.02857196   15.07333881    0.99703006  1738.27160368  4870.51591466 
1.300000   17.13553044    3.40179896   45.21750234   33.55913830   41.21791705   15.03247268   15.07866967    0.99693627  1743.07652786  4890.89837632   15.03247268   15.07866967    0.99693627  1743.07652786  4890.89837632 
1.400000   17.14699180    3.50588524   45.23895574   33.67410147   42.37857265   15.03641891   15.08410811    0.99683845  1747.92488111  4911.27895040   15.03641891   15.08410811    0.99683845  1747.92488111  4911.27895040 
1.500000   17.15881768    3.60933733   45.26106098   33.78866422   43.54166954   15.04040369   15.08966345    0.99673553  1752.80112914  4931.85069742   15.04040369   15.08966345    0.99673553  1752.80112914  4931.85069742 
1.600000   17.17104191    3.71216846   45.28382272   33.90285230   44.70712331   15.04442272   15.09534192    0.99662683  1757.71511128  4952.57341920   15.04442272   15.09534192    0.99662683  1757.71511128  4952.57341920 
1.700000   17.18369669    3.81439400   45.30724594   34.01668906   45.87491382   15.04847361   15.10114753    0.99651193  1762.64863171  4973.50356856   15.04847361   15.10114753    0.99651193  1762.64863171  4973.50356856 
1.800000   17.19681376    3.91602969   45.33133748   34.13019395   47.04505763   15.05255540   15.10708213    0.99639065  1767.62753081  4994.54920287   15.05255540   15.10708213    0.99639065  1767.62753081  4994.54920287 
1.900000   17.21042342    4.01709223   45.35610449   34.24338603   48.21761832   15.05666821   15.11314690    0.99626294  1772.65865955  5015.65348181   15.05666821   15.11314690    0.99626294  1772.65865955  5015.65348181 
2.000000   17.22455482    4.11759973   45.38155493   34.35628271   49.39269757   15.06081300   15.11934149    0.99612890  1777.71450179  5036.88620916   15.06081300   15.11934149    0.99612890  1777.71450179  5036.88620916 
2.100000   17.23923568    4.21757007   45.40769738   34.46890020   50.57043066   15.06499135   15.12566507    0.99598869  1782.80591683  5058.38901799   15.06499135   15.12566507    0.99598869  1782.80591683  5058.38901799 
2.200000   17.25448701    4.31702232   45.43454060   34.58125448   51.75098660   15.06920538   15.13211608    0.99584257  1787.94853413  5080.01405919   15.06920538   15.13211608    0.99584257  1787.94853413  5080.01405919 
2.300000   17.27034262    4.41597390   45.46209407   34.69335938   52.93452738   15.07345743   15.13869274    0.99569082  1793.11093802  5101.89588009   15.07345743   15.13869274    0.99569082  1793.11093802  5101.89588009 
2.400000   17.28682819    4.51444340   45.49036753   34.80522943   54.12125469   15.07775018   15.14539301    0.99553377  1798.32841598  5123.79816543   15.07775018   15.14539301    0.99553377  1798.32841598  5123.79816543 
2.500000   17.30396888    4.61244917   45.51937127   34.91687846   55.31138712   15.08208647   15.15221465    0.99537175  1803.55074485  5145.98435366   15.08208647   15.15221465    0.99537175  1803.55074485  5145.98435366 
2.600000   17.32178873    4.71000981   45.54911566   35.02832007   56.50516294   15.08646926   15.15915513    0.99520515  1808.85983420  5168.25772270   15.08646926   15.15915513    0.99520515  1808.85983420  5168.25772270 
2.700000   17.34031135    4.80714393   45.57961142   35.13956785   57.70283215   15.09090165   15.16621196    0.99503434  1814.19892538  5190.75496331   15.09090165   15.16621196    0.99503434  1814.19892538  5190.75496331 
2.800000   17.35955936    4.90386963   45.61086935   35.25063515   58.90466147   15.09538674   15.17338276    0.99485968  1819.57657313  5213.51609484   15.09538674   15.17338276    0.99485968  1819.57657313  5213.51609484 
2.900000   17.37955466    5.00020599   45.64290017   35.36153650   60.11093451   15.09992766   15.18066525    0.99468155  1825.02713845  5236.41772946   15.09992766   15.18066525    0.99468155  1825.02713845  5236.41772946 
3.000000   17.40031925    5.09617043   45.67571586   35.47228432   61.32193129   15.10452759   15.18805695    0.99450033  1830.51141628  5259.43960547   15.10452759   15.18805695    0.99450033  1830.51141628  5259.43960547 
3.100000   17.42187420    5.19178104   45.70932841   35.58289170   62.53794818   15.10918969   15.19555533    0.99431639  1836.04532554  5282.62215076   15.10918969   15.19555533    0.99431639  1836.04532554  5282.62215076 
3.200000   17.44423977    5.28705573   45.74374896   35.69337296   63.75929553   15.11391707   15.20315862    0.99413007  1841.62851387  5306.02281930   15.11391707   15.20315862    0.99413007  1841.62851387  5306.02281930 
3.300000   17.46743593    5.38201261   45.77898926   35.80374169   64.98629426   15.11871282   15.21086454    0.99394172  1847.26160707  5329.63855835   15.11871282   15.21086454    0.99394172  1847.26160707  5329.63855835 
3.400000   17.49148184    5.47666979   45.81506073   35.91401196   66.21927303   15.12357996   15.21867108    0.99375168  1852.94873349  5353.45283925   15.12357996   15.21867108    0.99375168  1852.94873349  5353.45283925 
3.500000   17.51639658    5.57104445   45.85197616   36.02419758   67.45856214   15.12852155   15.22657657    0.99356027  1858.68776836  5377.48516267   15.12852155   15.22657657    0.99356027  1858.68776836  5377.48516267 
3.600000   17.54219866    5.66515398   45.88974810   36.13431263   68.70450034   15.13354060   15.23457932    0.99336780  1864.47590454  5401.74096312   15.13354060   15.23457932    0.99336780  1864.47590454  5401.74096312 
3.700000   17.56890577    5.75901628   45.92838848   36.24437141   69.95744196   15.13864005   15.24267757    0.99317459  1870.31946280  5426.21755480   15.13864005   15.24267757    0.99317459  1870.31946280  5426.21755480 
3.800000   17.59653550    5.85264850   45.96790987   36.35438824   71.21774215   15.14382280   15.25086987    0.99298092  1876.22833575  5450.91856182   15.14382280   15.25086987    0.99298092  1876.22833575  5450.91856182 
3.900000   17.62510502    5.94606781   46.00832474   36.46437836   72.48576698   15.14909171   15.25915527    0.99278705  1882.16888204  5475.91608520   15.14909171   15.25915527    0.99278705  1882.16888204  5475.91608520 
4.000000   17.65463018    6.03929234   46.04964495   36.57435751   73.76189587   15.15444955   15.26753259    0.99259323  1888.18035089  5501.09152799   15.15444955   15.26753259    0.99259323  1888.18035089  5501.09152799 
4.100000   17.68512660    6.13233900   46.09188366   36.68434048   75.04650593   15.15989919   15.27600074    0.99239974  1894.24714383  5526.49777672   15.15989919   15.27600074    0.99239974  1894.24714383  5526.49777672 
4.200000   17.71660942    6.22522497   46.13505459   36.79434204   76.33997464   15.16544332   15.28455853    0.99220683  1900.36706895  5552.21395639   15.16544332   15.28455853    0.99220683  1900.36706895  5552.21395639 
4.300000   17.74909157    6.31796646   46.17917049   36.90437841   77.64269631   15.17108467   15.29320598    0.99201467  1906.55455186  5578.13617195   15.17108467   15.29320598    0.99201467  1906.55455186  5578.13617195 
4.400000   17.78259319    6.41058064   46.22424448   37.01446533   78.95506499   15.17682587   15.30194235    0.99182349  1912.77991316  5604.34203475   15.17682587   15.30194235    0.99182349  1912.77991316  5604.34203475 
4.500000   17.81712973    6.50308466   46.27028990   37.12461853   80.27748509   15.18266958   15.31076694    0.99163351  1919.08717919  5630.78223081   15.18266958   15.31076694    0.99163351  1919.08717919  5630.78223081 
4.600000   17.85271615    6.59549522   46.31731987   37.23485470   81.61036960   15.18861841   15.31967974    0.99144490  1925.44902557  5657.52946657   15.18861841   15.31967974    0.99144490  1925.44902557  5657.52946657 
4.700000   17.88936871    6.68782902   46.36534774   37.34519053   82.95413894   15.19467494   15.32868075    0.99125784  1931.88792623  5684.52822377   15.19467494   15.32868075    0.99125784  1931.88792623  5684.52822377 
4.800000   17.92710292    6.78010368   46.41438663   37.45564318   84.30922204   15.20084175   15.33776975    0.99107250  1938.39345183  5711.80278755   15.20084175   15.33776975    0.99107250  1938.39345183  5711.80278755 
4.900000   17.96593297    6.87233543   46.46444988   37.56622982   85.67604451   15.20712139   15.34694719    0.99088901  1944.96307751  5739.37461509   15.20712139   15.34694719    0.99088901  1944.96307751  5739.37461509 
5.000000   18.00587714    6.96454096   46.51555085   37.67696714   87.05505037   15.21351635   15.35621309    0.99070756  1951.58938806  5767.29891843   15.21351635   15.35621309    0.99070756  1951.58938806  5767.29891843 


# dataset 1: optimisation metric
# 1  2  3  4  5  6  7  8  9  
t  metric  metric_raw  dp  pc-gc0-width  pc-pore-length  pc-pore-width  pc-stoma-length  best  
0.000000    6.85114063    1.85114063    5.00000000    0.00000000   -0.22727273   -0.84000000   -0.04255319  no 
0.100000    6.69883714    1.79883714    4.90000000    0.00065459   -0.22676993   -0.83133372   -0.04229409  no 
0.200000    6.54876893    1.74876893    4.80000000    0.00119672   -0.22628553   -0.82259408   -0.04201547  no 
0.300000    6.40097575    1.70097576    4.69999999    0.00166355   -0.22581430   -0.81382514   -0.04171897  no 
0.400000    6.25540042    1.65540043    4.59999999    0.00207997   -0.22535205   -0.80505545   -0.04140581  no 
0.500000    6.11194095    1.61194095    4.50000000    0.00246308   -0.22489514   -0.79630421   -0.04107680  no 
0.600000    5.97047560    1.57047563    4.39999998    0.00282477   -0.22444035   -0.78758443   -0.04073261  no 
0.700000    5.83087467    1.53087466    4.30000001    0.00317358   -0.22398499   -0.77890440   -0.04037374  no 
0.800000    5.69300954    1.49300956    4.19999999    0.00351564   -0.22352668   -0.77026937   -0.04000055  no 
0.900000    5.55676017    1.45676014    4.10000002    0.00385540   -0.22306294   -0.76168312   -0.03961326  no 
1.000000    5.42201355    1.42201355    4.00000000    0.00419612   -0.22259156   -0.75314802   -0.03921205  no 
1.100000    5.28866371    1.38866373    3.89999998    0.00454015   -0.22211055   -0.74466505   -0.03879699  no 
1.200000    5.15661313    1.35661318    3.79999995    0.00488925   -0.22161803   -0.73623451   -0.03836813  no 
1.300000    5.02577208    1.32577203    3.70000005    0.00524464   -0.22111225   -0.72785608   -0.03792548  no 
1.400000    4.89605835    1.29605832    3.60000002    0.00560721   -0.22059128   -0.71952918   -0.03746903  no 
1.500000    4.76739735    1.26739735    3.50000000    0.00597756   -0.22005374   -0.71125301   -0.03699870  no 
1.600000    4.63972037    1.23972040    3.39999998    0.00635613   -0.21949810   -0.70302652   -0.03651441  no 
1.700000    4.51296436    1.21296440    3.29999995    0.00674317   -0.21892288   -0.69484848   -0.03601604  no 
1.800000    4.38707177    1.18707173    3.20000005    0.00713881   -0.21832665   -0.68671762   -0.03550346  no 
1.900000    4.26198941    1.16198939    3.10000002    0.00754313   -0.21770803   -0.67863262   -0.03497650  no 
2.000000    4.13766845    1.13766845    3.00000000    0.00795610   -0.21706569   -0.67059202   -0.03443500  no 
2.100000    4.01406405    1.11406396    2.90000010    0.00837767   -0.21639838   -0.66259439   -0.03387878  no 
2.200000    3.89113422    1.09113427    2.79999995    0.00880774   -0.21570514   -0.65463821   -0.03330765  no 
2.300000    3.76884115    1.06884111    2.70000005    0.00924618   -0.21498443   -0.64672209   -0.03272140  no 
2.400000    3.64714875    1.04714885    2.59999990    0.00969287   -0.21423508   -0.63884453   -0.03211984  no 
2.500000    3.52602447    1.02602447    2.50000000    0.01014764   -0.21345596   -0.63100407   -0.03150274  no 
2.600000    3.40543732    1.00543723    2.40000010    0.01061034   -0.21264597   -0.62319921   -0.03086988  no 
2.700000    3.28535842    0.98535847    2.29999995    0.01108080   -0.21180403   -0.61542849   -0.03022103  no 
2.800000    3.16576161    0.96576157    2.20000005    0.01155885   -0.21092912   -0.60769043   -0.02955597  no 
2.900000    3.04662132    0.94662142    2.09999990    0.01204435   -0.21002024   -0.59998352   -0.02887446  no 
3.000000    2.92791484    0.92791484    2.00000000    0.01253713   -0.20907640   -0.59230637   -0.02817626  no 
3.100000    2.80962007    0.90961997    1.90000010    0.01303702   -0.20809663   -0.58465752   -0.02746110  no 
3.200000    2.69171625    0.89171630    1.79999995    0.01354391   -0.20708001   -0.57703554   -0.02672875  no 
3.300000    2.57418455    0.87418450    1.70000005    0.01405764   -0.20602564   -0.56943899   -0.02597895  no 
3.400000    2.45700628    0.85700638    1.59999990    0.01457807   -0.20493264   -0.56186642   -0.02521147  no 
3.500000    2.34016494    0.84016494    1.50000000    0.01510510   -0.20380016   -0.55431644   -0.02442604  no 
3.600000    2.22364420    0.82364410    1.40000010    0.01563862   -0.20262733   -0.54678768   -0.02362238  no 
3.700000    2.10742853    0.80742858    1.29999995    0.01617850   -0.20141337   -0.53927870   -0.02280025  no 
3.800000    1.99150409    0.79150404    1.20000005    0.01672466   -0.20015748   -0.53178812   -0.02195936  no 
3.900000    1.87585680    0.77585689    1.09999990    0.01727702   -0.19885886   -0.52431458   -0.02109947  no 
4.000000    1.76047413    0.76047413    1.00000000    0.01783551   -0.19751681   -0.51685661   -0.02022032  no 
4.100000    1.64534371    0.74534361    0.90000010    0.01840005   -0.19613061   -0.50941288   -0.01932162  no 
4.200000    1.53045395    0.73045375    0.80000019    0.01897057   -0.19469957   -0.50198200   -0.01840309  no 
4.300000    1.41579355    0.71579374    0.69999981    0.01954707   -0.19322311   -0.49456268   -0.01746446  no 
4.400000    1.30135293    0.70135303    0.59999990    0.02012949   -0.19170031   -0.48715355   -0.01650544  no 
4.500000    1.18712164    0.68712164    0.50000000    0.02071780   -0.19013047   -0.47975323   -0.01552575  no 
4.600000    1.07309027    0.67309017    0.40000010    0.02131198   -0.18851290   -0.47236038   -0.01452511  no 
4.700000    0.95924983    0.65924964    0.30000019    0.02191205   -0.18684688   -0.46497368   -0.01350324  no 
4.800000    0.84559115    0.64559134    0.19999981    0.02251798   -0.18513169   -0.45759171   -0.01245986  no 
4.900000    0.73210714    0.63210723    0.09999990    0.02312981   -0.18336668   -0.45021317   -0.01139468  no 
5.000000    0.61878950    0.61878950    0.00000000    0.02374754   -0.18155104   -0.44283672   -0.01030743  BEST-STATE 
