#
# State information.
#
#


# dataset 0: For the stoma (column numbers are in brackets)
# 1  2  3  4  5  6  7  8  9  10  11  12  13  14  15  16  
t  pore-length  pore-width  stoma-length  stoma-width  pore-area  gc0-height  gc0-width  gc0-ar  gc0-surface-area  gc0-volume  gc1-height  gc1-width  gc1-ar  gc1-surface-area  gc1-volume  
0.000000   17.00000000    2.00000000   45.00000000   32.00000000   26.66142133   15.00000000   15.00000000    1.00000000  1682.89731753  4633.88931046           nan           nan           nan           nan           nan 
0.100000   17.03431376    2.23478414   45.02818030   32.24809790   28.99416401   14.98886491   15.00665688    0.99881440  1690.65367003  4665.95457239           nan           nan           nan           nan           nan 
0.200000   17.06946031    2.46258166   45.06180913   32.48497537   31.32308566   14.98001036   15.01119685    0.99792245  1698.34675601  4697.71397826           nan           nan           nan           nan           nan 
0.300000   17.10587059    2.68221313   45.10030033   32.71169299   33.62607549   14.97244569   15.01473993    0.99718315  1706.06590734  4728.92212623           nan           nan           nan           nan           nan 
0.400000   17.14375634    2.89302915   45.14312945   32.92880630   35.88906641   14.96564644   15.01788858    0.99652134  1713.75770419  4759.87086675           nan           nan           nan           nan           nan 
0.500000   17.18317015    3.09475350   45.18979208   33.13668692   38.10278224   14.95935603   15.02096671    0.99589835  1721.38154679  4790.24695349           nan           nan           nan           nan           nan 
0.600000   17.22403365    3.28741086   45.23973736   33.33570576   40.26160089   14.95338761   15.02414745    0.99529026  1728.91397220  4820.10789420           nan           nan           nan           nan           nan 
0.700000   17.26620948    3.47111201   45.29246423   33.52615499   42.36136805   14.94766865   15.02752149    0.99468623  1736.37569212  4849.59827625           nan           nan           nan           nan           nan 
0.800000   17.30950770    3.64606428   45.34749287   33.70832169   44.39962259   14.94214908   15.03112870    0.99408031  1743.72725293  4878.41120409           nan           nan           nan           nan           nan 
0.900000   17.35368866    3.81260502   45.40434515   33.88258862   46.37555327   14.93680026   15.03499180    0.99346913  1750.95322323  4906.78658457           nan           nan           nan           nan           nan 
1.000000   17.39849836    3.97110963   45.46257862   34.04937243   48.28938540   14.93154256   15.03913140    0.99284607  1758.06284461  4934.56047544           nan           nan           nan           nan           nan 
1.100000   17.44366533    4.12204385   45.52179033   34.20908642   50.14249570   14.92646720   15.04352129    0.99221897  1765.04549771  4961.56403849           nan           nan           nan           nan           nan 
1.200000   17.48896956    4.26584315   45.58162683   34.36209869   51.93611478   14.92161120   15.04812777    0.99159254  1771.86978408  4988.21127712           nan           nan           nan           nan           nan 
1.300000   17.53422314    4.40294814   45.64179242   34.50879121   53.67188862   14.91698795   15.05292153    0.99096962  1778.55572828  5014.26870923           nan           nan           nan           nan           nan 
1.400000   17.57924336    4.53382516   45.70201761   34.64953494   55.35194028   14.91262061   15.05785489    0.99035492  1785.09348543  5039.70957078           nan           nan           nan           nan           nan 
1.500000   17.62387234    4.65903234   45.76208067   34.78470922   56.97870111   14.90850891   15.06283844    0.98975429  1791.51057508  5064.57537417           nan           nan           nan           nan           nan 
1.600000   17.66799337    4.77885485   45.82179219   34.91466355   58.55448672   14.90466590   15.06790435    0.98916648  1797.75509161  5088.88822083           nan           nan           nan           nan           nan 
1.700000   17.71150702    4.89357328   45.88099545   35.03973722   60.08097481   14.90107486   15.07308197    0.98858846  1803.88071144  5112.70027616           nan           nan           nan           nan           nan 
1.800000   17.75432891    5.00349545   45.93955594   35.16023993   61.56004866   14.89770429   15.07837224    0.98801807  1809.89766914  5135.99522584           nan           nan           nan           nan           nan 
1.900000   17.79641938    5.10893512   45.99739051   35.27646160   62.99389719   14.89457329   15.08376324    0.98745738  1815.78587182  5158.91123103           nan           nan           nan           nan           nan 
2.000000   17.83770812    5.21017480   46.05441165   35.38866949   64.38452217   14.89161728   15.08924735    0.98690259  1821.52930115  5181.09380142           nan           nan           nan           nan           nan 
2.100000   17.87815905    5.30748248   46.11057353   35.49711370   65.73389185   14.88883106   15.09481561    0.98635395  1827.14763785  5202.81288643           nan           nan           nan           nan           nan 
2.200000   17.91775954    5.40109706   46.16584516   35.60202289   67.04382442   14.88616870   15.10046291    0.98580877  1832.63870687  5224.09419883           nan           nan           nan           nan           nan 
2.300000   17.95650977    5.49124789   46.22019708   35.70362163   68.31606004   14.88354940   15.10618687    0.98526184  1838.01140320  5244.95073971           nan           nan           nan           nan           nan 
2.400000   17.99439269    5.57815981   46.27361357   35.80212903   69.55260048   14.88103370   15.11198461    0.98471737  1843.28500623  5265.28835052           nan           nan           nan           nan           nan 
2.500000   18.03139186    5.66205192   46.32607949   35.89774203   70.75540150   14.87866043   15.11784506    0.98417866  1848.44967258  5285.29796417           nan           nan           nan           nan           nan 
2.600000   18.06749952    5.74310279   46.37757063   35.99061704   71.92603741   14.87645114   15.12375712    0.98364785  1853.48108424  5304.90975998           nan           nan           nan           nan           nan 
2.700000   18.10274076    5.82145262   46.42808652   36.08087254   73.06564155   14.87440772   15.12970996    0.98312577  1858.42697296  5324.09302931           nan           nan           nan           nan           nan 
2.800000   18.13713467    5.89724517   46.47763252   36.16863489   74.17549123   14.87253216   15.13569486    0.98261311  1863.27699440  5342.93780438           nan           nan           nan           nan           nan 
2.900000   18.17069483    5.97062778   46.52622819   36.25403976   75.25699983   14.87082632   15.14170599    0.98211036  1868.03067192  5361.43860398           nan           nan           nan           nan           nan 
3.000000   18.20343864    6.04173374   46.57392299   36.33720732   76.31142842   14.86928475   15.14773679    0.98161758  1872.67252468  5379.55835598           nan           nan           nan           nan           nan 
3.100000   18.23540974    6.11066294   46.62073386   36.41822863   77.33962478   14.86790732   15.15378284    0.98113504  1877.24723882  5397.42040966           nan           nan           nan           nan           nan 
3.200000   18.26665449    6.17751932   46.66667259   36.49719906   78.34257052   14.86668971   15.15983987    0.98066271  1881.74109257  5414.97078924           nan           nan           nan           nan           nan 
3.300000   18.29717982    6.24239492   46.71175873   36.57420683   79.32120432   14.86562739   15.16590595    0.98020042  1886.14005579  5432.27559238           nan           nan           nan           nan           nan 
3.400000   18.32699525    6.30539513   46.75601375   36.64935303   80.27661898   14.86471611   15.17197895    0.97974801  1890.47664984  5449.26141043           nan           nan           nan           nan           nan 
3.500000   18.35612047    6.36661386   46.79945672   36.72272491   81.20979525   14.86395195   15.17805552    0.97930541  1894.73751847  5465.98292282           nan           nan           nan           nan           nan 
3.600000   18.38456869    6.42614174   46.84210646   36.79441023   82.12172450   14.86333090   15.18413424    0.97887246  1898.91887367  5482.48017966           nan           nan           nan           nan           nan 
3.700000   18.41236472    6.48405313   46.88397133   36.86447430   83.01320330   14.86285102   15.19021058    0.97844931  1903.04253846  5498.69063639           nan           nan           nan           nan           nan 
3.800000   18.43953240    6.54041672   46.92507565   36.93298721   83.88493449   14.86250709   15.19628525    0.97803554  1907.08606927  5514.73160803           nan           nan           nan           nan           nan 
3.900000   18.46610641    6.59529114   46.96544194   37.00000572   84.73750241   14.86229497   15.20235729    0.97763095  1911.07909826  5530.49566247           nan           nan           nan           nan           nan 
4.000000   18.49207842    6.64873981   47.00509167   37.06559038   85.57161007   14.86221080   15.20842528    0.97723535  1915.01240785  5546.06970735           nan           nan           nan           nan           nan 
4.100000   18.51747298    6.70082521   47.04404593   37.12980270   86.38796047   14.86225072   15.21448874    0.97684851  1918.88398043  5561.41314765           nan           nan           nan           nan           nan 
4.200000   18.54230642    6.75159502   47.08233547   37.19268894   87.18708136   14.86241113   15.22054696    0.97647024  1922.69930977  5576.55891238           nan           nan           nan           nan           nan 
4.300000   18.56663108    6.80110168   47.11997128   37.25430155   87.96953436   14.86268829   15.22659993    0.97610027  1926.44740534  5591.61599924           nan           nan           nan           nan           nan 
4.400000   18.59046233    6.84939623   47.15697169   37.31468964   88.73587504   14.86307876   15.23264670    0.97573843  1930.16866946  5606.30956310           nan           nan           nan           nan           nan 
4.500000   18.61381960    6.89651871   47.19335961   37.37389421   89.48656656   14.86357912   15.23868775    0.97538445  1933.82697181  5620.90817283           nan           nan           nan           nan           nan 
4.600000   18.63672411    6.94251394   47.22915506   37.43195772   90.22213053   14.86418639   15.24472189    0.97503821  1937.43646625  5635.33871610           nan           nan           nan           nan           nan 
4.700000   18.65919816    6.98742533   47.26437783   37.48892450   90.94304693   14.86489736   15.25074959    0.97469946  1940.99615123  5649.60425456           nan           nan           nan           nan           nan 
4.800000   18.68125081    7.03129244   47.29905009   37.54483366   91.64978893   14.86570889   15.25677061    0.97436799  1944.50630046  5663.74147182           nan           nan           nan           nan           nan 
4.900000   18.70288789    7.07415533   47.33317780   37.59972620   92.34280499   14.86661775   15.26278543    0.97404355  1947.98220440  5677.70594055           nan           nan           nan           nan           nan 
5.000000   18.72412574    7.11604691   47.36678004   37.65363407   93.02248601   14.86762124   15.26879358    0.97372600  1951.41133502  5691.52526373           nan           nan           nan           nan           nan 


# dataset 1: optimisation metric
# 1  2  3  4  5  6  7  8  9  
t  metric  metric_raw  dp  pc-gc0-width  pc-pore-length  pc-pore-width  pc-stoma-length  best  
0.000000    6.85114063    1.85114063    5.00000000    0.00000000   -0.22727273   -0.84000000   -0.04255319  no 
0.100000    6.64101370    1.74101370    4.90000000    0.00044379   -0.22571301   -0.82121727   -0.04195361  no 
0.200000    6.44475647    1.64475647    4.80000000    0.00074646   -0.22411544   -0.80299347   -0.04123810  no 
0.300000    6.26006511    1.56006512    4.69999999    0.00098266   -0.22246043   -0.78542295   -0.04041914  no 
0.400000    6.08507313    1.48507314    4.59999999    0.00119257   -0.22073835   -0.76855767   -0.03950788  no 
0.500000    5.91826720    1.41826720    4.50000000    0.00139778   -0.21894681   -0.75241972   -0.03851506  no 
0.600000    5.75840303    1.35840306    4.39999998    0.00160983   -0.21708938   -0.73700713   -0.03745240  no 
0.700000    5.60448793    1.30448791    4.30000001    0.00183477   -0.21517230   -0.72231104   -0.03633055  no 
0.800000    5.45570893    1.25570894    4.19999999    0.00207525   -0.21320420   -0.70831486   -0.03515973  no 
0.900000    5.31137802    1.21137799    4.10000002    0.00233279   -0.21119597   -0.69499160   -0.03395010  no 
1.000000    5.17092255    1.17092255    4.00000000    0.00260876   -0.20915917   -0.68231123   -0.03271109  no 
1.100000    5.03384614    1.13384616    3.89999998    0.00290142   -0.20710612   -0.67023649   -0.03145127  no 
1.200000    4.89973746    1.09973751    3.79999995    0.00320852   -0.20504684   -0.65873255   -0.03017815  no 
1.300000    4.76824499    1.06824495    3.70000005    0.00352810   -0.20298986   -0.64776415   -0.02889803  no 
1.400000    4.63906021    1.03906019    3.60000002    0.00385699   -0.20094348   -0.63729399   -0.02761665  no 
1.500000    4.51189559    1.01189559    3.50000000    0.00418923   -0.19891489   -0.62727741   -0.02633871  no 
1.600000    4.38655335    0.98655338    3.39999998    0.00452696   -0.19690939   -0.61769161   -0.02506825  no 
1.700000    4.26285948    0.96285953    3.29999995    0.00487213   -0.19493150   -0.60851414   -0.02380861  no 
1.800000    4.14065377    0.94065372    3.20000005    0.00522482   -0.19298505   -0.59972036   -0.02256264  no 
1.900000    4.01979054    0.91979052    3.10000002    0.00558422   -0.19107185   -0.59128519   -0.02133212  no 
2.000000    3.90014482    0.90014482    3.00000000    0.00594982   -0.18919509   -0.58318602   -0.02011890  no 
2.100000    3.78160541    0.88160531    2.90000010    0.00632104   -0.18735641   -0.57540140   -0.01892397  no 
2.200000    3.66407529    0.86407534    2.79999995    0.00669753   -0.18555638   -0.56791224   -0.01774798  no 
2.300000    3.54746783    0.84746779    2.70000005    0.00707912   -0.18379501   -0.56070017   -0.01659155  no 
2.400000    3.43170329    0.83170338    2.59999990    0.00746564   -0.18207306   -0.55374722   -0.01545503  no 
2.500000    3.31670977    0.81670977    2.50000000    0.00785634   -0.18039128   -0.54703585   -0.01433873  no 
2.600000    3.20242655    0.80242645    2.40000010    0.00825047   -0.17875002   -0.54055178   -0.01324318  no 
2.700000    3.08880294    0.78880299    2.29999995    0.00864733   -0.17714815   -0.53428379   -0.01216837  no 
2.800000    2.97579178    0.77579173    2.20000005    0.00904632   -0.17558479   -0.52822039   -0.01111420  no 
2.900000    2.86334743    0.76334752    2.09999990    0.00944707   -0.17405933   -0.52234978   -0.01008025  no 
3.000000    2.75143008    0.75143008    2.00000000    0.00984912   -0.17257097   -0.51666130   -0.00906547  no 
3.100000    2.64000645    0.74000636    1.90000010    0.01025219   -0.17111774   -0.51114697   -0.00806949  no 
3.200000    2.52904441    0.72904446    1.79999995    0.01065599   -0.16969752   -0.50579845   -0.00709207  no 
3.300000    2.41851661    0.71851657    1.70000005    0.01106040   -0.16831001   -0.50060841   -0.00613279  no 
3.400000    2.30839413    0.70839423    1.59999990    0.01146526   -0.16695476   -0.49556839   -0.00519120  no 
3.500000    2.19865199    0.69865199    1.50000000    0.01187037   -0.16563089   -0.49067089   -0.00426688  no 
3.600000    2.08926628    0.68926618    1.40000010    0.01227562   -0.16433779   -0.48590866   -0.00335944  no 
3.700000    1.98021643    0.68021648    1.29999995    0.01268071   -0.16307433   -0.48127575   -0.00246870  no 
3.800000    1.87148435    0.67148430    1.20000005    0.01308568   -0.16183944   -0.47676666   -0.00159414  no 
3.900000    1.76305308    0.66305317    1.09999990    0.01349049   -0.16063153   -0.47237671   -0.00073528  no 
4.000000    1.65490722    0.65490722    1.00000000    0.01389502   -0.15945098   -0.46810081    0.00010833  no 
4.100000    1.54703100    0.64703091    0.90000010    0.01429925   -0.15829668   -0.46393398    0.00093715  no 
4.200000    1.43941170    0.63941151    0.80000019    0.01470313   -0.15716789   -0.45987240    0.00175182  no 
4.300000    1.33203540    0.63203559    0.69999981    0.01510666   -0.15606222   -0.45591187    0.00255258  no 
4.400000    1.22489084    0.62489094    0.59999990    0.01550978   -0.15497899   -0.45204830    0.00333982  no 
4.500000    1.11796723    0.61796723    0.50000000    0.01591252   -0.15391729   -0.44827850    0.00411403  no 
4.600000    1.01125392    0.61125382    0.40000010    0.01631479   -0.15287618   -0.44459888    0.00487564  no 
4.700000    0.90474080    0.60474061    0.30000019    0.01671664   -0.15185463   -0.44100597    0.00562506  no 
4.800000    0.79841834    0.59841853    0.19999981    0.01711804   -0.15085224   -0.43749660    0.00636277  no 
4.900000    0.69227868    0.59227878    0.09999990    0.01751903   -0.14986873   -0.43406757    0.00708889  no 
5.000000    0.58631366    0.58631366    0.00000000    0.01791957   -0.14890338   -0.43071625    0.00780383  BEST-STATE 
