#
# State information.
#
#


# dataset 0: For the stoma (column numbers are in brackets)
# 1  2  3  4  5  6  7  8  9  10  11  12  13  14  15  16  
t  pore-length  pore-width  stoma-length  stoma-width  pore-area  gc0-height  gc0-width  gc0-ar  gc0-surface-area  gc0-volume  gc1-height  gc1-width  gc1-ar  gc1-surface-area  gc1-volume  
0.000000   17.00000000    2.00000000   45.00000000   32.00000000   26.66142133   15.00000000   15.00000000    1.00000000  1682.89731753  4633.88931046           nan           nan           nan           nan           nan 
0.100000   17.07831428    1.82549559   45.04941083   31.78882319   24.82806511   15.02176806   14.98166380    1.00267689  1680.11345495  4621.45360307           nan           nan           nan           nan           nan 
0.200000   17.16093169    1.63064179   45.10304309   31.57431614   22.75052680   15.03620191   14.97183718    1.00429905  1677.34800616  4608.68087103           nan           nan           nan           nan           nan 
0.300000   17.24734454    1.41882461   45.16101517   31.35496491   20.45576286   15.04509205   14.96807015    1.00514575  1674.59328894  4595.19064672           nan           nan           nan           nan           nan 
0.400000   17.33723414    1.19212127   45.22352903   31.12934685   17.95882951   15.04977609   14.96861279    1.00542223  1671.88048195  4581.23497302           nan           nan           nan           nan           nan 
0.500000   17.43037379    0.95173120   45.29081368   30.89615738   15.26603932   15.05120562   14.97221309    1.00527594  1669.17943689  4566.98516077           nan           nan           nan           nan           nan 
0.600000   17.43199930    1.06886101   45.29676962   31.02841032   16.44529765   15.05888933   14.97977465    1.00528143  1674.16524898  4589.19302551           nan           nan           nan           nan           nan 
0.700000   17.43527633    1.18837088   45.30558896   31.16245407   17.66200697   15.06420583   14.98704159    1.00514873  1678.99206046  4610.72285648           nan           nan           nan           nan           nan 
0.800000   17.44010365    1.30438423   45.31706816   31.29610777   18.85370434   15.06784970   14.99586177    1.00480052  1683.67989731  4631.73536115           nan           nan           nan           nan           nan 
0.900000   17.44660789    1.41885072   45.32993838   31.42619157   20.03268416   15.07129757   15.00367042    1.00450737  1688.36840248  4652.25518067           nan           nan           nan           nan           nan 
1.000000   17.45516983    1.53117955   45.34310436   31.55353370   21.18787359   15.07444300   15.01117708    1.00421459  1692.99052848  4672.54702928           nan           nan           nan           nan           nan 
1.100000   17.46495643    1.64180696   45.35642737   31.67899826   22.33165275   15.07749517   15.01859565    1.00392177  1697.55760237  4692.69177021           nan           nan           nan           nan           nan 
1.200000   17.47537541    1.75136583   45.37062389   31.80293776   23.47310569   15.08064812   15.02578597    1.00365120  1702.13233375  4712.77284679           nan           nan           nan           nan           nan 
1.300000   17.48588333    1.86030835   45.38573349   31.92570309   24.61998441   15.08399322   15.03269737    1.00341228  1706.76204279  4732.98709784           nan           nan           nan           nan           nan 
1.400000   17.49667954    1.96834175   45.40176445   32.04727893   25.76574219   15.08743025   15.03946859    1.00318905  1711.38325480  4753.25366253           nan           nan           nan           nan           nan 
1.500000   17.50803930    2.07562494   45.41863924   32.16786048   26.91247782   15.09097040   15.04611777    1.00298101  1716.04418131  4773.54005722           nan           nan           nan           nan           nan 
1.600000   17.51949340    2.18240945   45.43629083   32.28767514   28.06477918   15.09464857   15.05263285    1.00279125  1720.73971570  4793.87884847           nan           nan           nan           nan           nan 
1.700000   17.53102213    2.28868958   45.45470327   32.40680131   29.22215043   15.09844378   15.05905586    1.00261556  1725.46063330  4814.41077641           nan           nan           nan           nan           nan 
1.800000   17.54265863    2.39445576   45.47386312   32.52530086   30.38400299   15.10233817   15.06542255    1.00245035  1730.20627387  4834.94892831           nan           nan           nan           nan           nan 
1.900000   17.55444020    2.49970138   45.49375266   32.64322728   31.54984124   15.10631689   15.07176295    1.00229263  1734.95081831  4855.62148468           nan           nan           nan           nan           nan 
2.000000   17.56640530    2.60442287   45.51435477   32.76062667   32.71925924   15.11036814   15.07810190    1.00213994  1739.75755987  4876.36920831           nan           nan           nan           nan           nan 
2.100000   17.57858723    2.70862061   45.53566289   32.87753791   33.89194883   15.11448370   15.08445865    1.00199046  1744.56753476  4897.24955916           nan           nan           nan           nan           nan 
2.200000   17.59101933    2.81229681   45.55767173   32.99399513   35.06766691   15.11865729   15.09084916    1.00184271  1749.42712697  4918.26898255           nan           nan           nan           nan           nan 
2.300000   17.60373408    2.91545528   45.58037847   33.11002791   36.24622983   15.12288434   15.09728631    1.00169554  1754.33396240  4939.29519251           nan           nan           nan           nan           nan 
2.400000   17.61676407    3.01810110   45.60378134   33.22566271   37.42750347   15.12716146   15.10378081    1.00154800  1759.26509185  4960.48291883           nan           nan           nan           nan           nan 
2.500000   17.63014191    3.12024021   45.62787974   33.34092307   38.61139722   15.13148631   15.11034143    1.00139936  1764.24260641  4981.84164987           nan           nan           nan           nan           nan 
2.600000   17.64390051    3.22187901   45.65267295   33.45583022   39.79785791   15.13585730   15.11697561    1.00124904  1769.26620118  5003.30796984           nan           nan           nan           nan           nan 
2.700000   17.65807074    3.32302547   45.67816448   33.57040334   40.98687261   15.14027382   15.12368894    1.00109662  1774.33177627  5024.96946551           nan           nan           nan           nan           nan 
2.800000   17.67268306    3.42368746   45.70435828   33.68465960   42.17845869   15.14473586   15.13048607    1.00094179  1779.41520760  5046.80064610           nan           nan           nan           nan           nan 
2.900000   17.68776709    3.52387381   45.73125988   33.79861522   43.37266282   15.14924391   15.13737071    1.00078436  1784.54543367  5068.75038958           nan           nan           nan           nan           nan 
3.000000   17.70335186    3.62359416   45.75887692   33.91228271   44.56956350   15.15380128   15.14434427    1.00062446  1789.72317717  5090.80693467           nan           nan           nan           nan           nan 
3.100000   17.71946555    3.72285712   45.78721547   34.02568102   45.76924615   15.15840437   15.15141195    1.00046150  1794.94158338  5113.02251453           nan           nan           nan           nan           nan 
3.200000   17.73613632    3.82167315   45.81628430   34.13882113   46.97183429   15.16305713   15.15857399    1.00029575  1800.20165709  5135.44894142           nan           nan           nan           nan           nan 
3.300000   17.75339198    3.92005217   45.84609145   34.25171542   48.17746387   15.16776131   15.16583163    1.00012724  1805.49198699  5158.00789724           nan           nan           nan           nan           nan 
3.400000   17.77125955    4.01800489   45.87664640   34.36437678   49.38629158   15.17251877   15.17318594    0.99995603  1810.84613829  5180.67392027           nan           nan           nan           nan           nan 
3.500000   17.78976566    4.11554146   45.90795851   34.47681689   50.59848856   15.17733158   15.18063772    0.99978221  1816.24624953  5203.57552025           nan           nan           nan           nan           nan 
3.600000   17.80893672    4.21267319   45.94003755   34.58904743   51.81424325   15.18220188   15.18818712    0.99960593  1821.68095845  5226.65310316           nan           nan           nan           nan           nan 
3.700000   17.82879812    4.30941081   45.97289401   34.70108032   53.03375828   15.18713197   15.19583476    0.99942729  1827.14556055  5249.99021838           nan           nan           nan           nan           nan 
3.800000   17.84937459    4.40576625   46.00653958   34.81292677   54.25725137   15.19212428   15.20358026    0.99924649  1832.66779643  5273.52729874           nan           nan           nan           nan           nan 
3.900000   17.87069064    4.50175023   46.04098511   34.92459822   55.48495213   15.19718122   15.21142399    0.99906368  1838.24514013  5297.06148555           nan           nan           nan           nan           nan 
4.000000   17.89276981    4.59737515   46.07624280   35.03610611   56.71710350   15.20230536   15.21936548    0.99887905  1843.86654849  5320.88033867           nan           nan           nan           nan           nan 
4.100000   17.91563511    4.69265270   46.11232519   35.14746213   57.95395972   15.20749927   15.22740471    0.99869279  1849.49612209  5344.94174291           nan           nan           nan           nan           nan 
4.200000   17.93930930    4.78759480   46.14924467   35.25867772   59.19578615   15.21276553   15.23554146    0.99850508  1855.22394681  5369.24503139           nan           nan           nan           nan           nan 
4.300000   17.96381468    4.88221383   46.18701351   35.36976433   60.44285738   15.21810678   15.24377525    0.99831613  1860.98391436  5393.73774802           nan           nan           nan           nan           nan 
4.400000   17.98917288    4.97652221   46.22564507   35.48073411   61.69545896   15.22352566   15.25210595    0.99812614  1866.80099525  5418.46949306           nan           nan           nan           nan           nan 
4.500000   18.01540530    5.07053208   46.26515234   35.59159875   62.95388642   15.22902484   15.26053333    0.99793530  1872.67605524  5443.45334894           nan           nan           nan           nan           nan 
4.600000   18.04253304    5.16425633   46.30554819   35.70237064   64.21844282   15.23460697   15.26905715    0.99774379  1878.60695582  5468.68872781           nan           nan           nan           nan           nan 
4.700000   18.07057631    5.25770760   46.34684634   35.81306195   65.48944106   15.24027473   15.27767718    0.99755182  1884.59652423  5494.08133789           nan           nan           nan           nan           nan 
4.800000   18.09955537    5.35089850   46.38906026   35.92368531   66.76720246   15.24603082   15.28639340    0.99735957  1890.63556465  5519.73000143           nan           nan           nan           nan           nan 
4.900000   18.12948978    5.44384193   46.43220377   36.03425312   68.05205518   15.25187790   15.29520559    0.99716724  1896.70704719  5545.75681691           nan           nan           nan           nan           nan 
5.000000   18.16039896    5.53655100   46.47629070   36.14477921   69.34433833   15.25781867   15.30411410    0.99697497  1902.88080626  5571.86203523           nan           nan           nan           nan           nan 


# dataset 1: optimisation metric
# 1  2  3  4  5  6  7  8  9  
t  metric  metric_raw  dp  pc-gc0-width  pc-pore-length  pc-pore-width  pc-stoma-length  best  
0.000000    6.85114063    1.85114063    5.00000000    0.00000000   -0.22727273   -0.84000000   -0.04255319  no 
0.100000    6.84093493    1.94093493    4.90000000   -0.00122241   -0.22371299   -0.85396035   -0.04150190  no 
0.200000    6.85226160    2.05226160    4.80000000   -0.00187752   -0.21995765   -0.86954866   -0.04036079  no 
0.300000    6.88983416    2.18983417    4.69999999   -0.00212866   -0.21602979   -0.88649403   -0.03912734  no 
0.400000    6.96234945    2.36234946    4.59999999   -0.00209248   -0.21194390   -0.90463030   -0.03779725  no 
0.500000    7.08597104    2.58597104    4.50000000   -0.00185246   -0.20771028   -0.92386150   -0.03636567  no 
0.600000    6.87039974    2.47039976    4.39999998   -0.00134836   -0.20763640   -0.91449112   -0.03623894  no 
0.700000    6.66489318    2.36489317    4.30000001   -0.00086389   -0.20748744   -0.90493033   -0.03605130  no 
0.800000    6.47219454    2.27219455    4.19999999   -0.00027588   -0.20726802   -0.89564926   -0.03580706  no 
0.900000    6.28850304    2.18850302    4.10000002    0.00024469   -0.20697237   -0.88649194   -0.03553323  no 
1.000000    6.11270841    2.11270841    4.00000000    0.00074514   -0.20658319   -0.87750564   -0.03525310  no 
1.100000    5.94332550    2.04332552    3.89999998    0.00123971   -0.20613834   -0.86865544   -0.03496963  no 
1.200000    5.77908947    1.97908952    3.79999995    0.00171906   -0.20566475   -0.85989073   -0.03466758  no 
1.300000    5.61909823    1.91909818    3.70000005    0.00217982   -0.20518712   -0.85117533   -0.03434610  no 
1.400000    5.46299465    1.86299463    3.60000002    0.00263124   -0.20469638   -0.84253266   -0.03400501  no 
1.500000    5.31025929    1.81025929    3.50000000    0.00307452   -0.20418003   -0.83395001   -0.03364597  no 
1.600000    5.16042219    1.76042222    3.39999998    0.00350886   -0.20365939   -0.82540724   -0.03327041  no 
1.700000    5.01319770    1.71319774    3.29999995    0.00393706   -0.20313536   -0.81690483   -0.03287865  no 
1.800000    4.86834208    1.66834203    3.20000005    0.00436150   -0.20260643   -0.80844354   -0.03247100  no 
1.900000    4.72564304    1.62564301    3.10000002    0.00478420   -0.20207090   -0.80002389   -0.03204782  no 
2.000000    4.58491492    1.58491492    3.00000000    0.00520679   -0.20152703   -0.79164617   -0.03160947  no 
2.100000    4.44599378    1.54599368    2.90000010    0.00563058   -0.20097331   -0.78331035   -0.03115611  no 
2.200000    4.30873414    1.50873419    2.79999995    0.00605661   -0.20040821   -0.77501626   -0.03068784  no 
2.300000    4.17300754    1.47300750    2.70000005    0.00648575   -0.19983027   -0.76676358   -0.03020471  no 
2.400000    4.03869845    1.43869854    2.59999990    0.00691872   -0.19923800   -0.75855191   -0.02970678  no 
2.500000    3.90570427    1.40570427    2.50000000    0.00735610   -0.19862991   -0.75038078   -0.02919405  no 
2.600000    3.77393224    1.37393214    2.40000010    0.00779837   -0.19800452   -0.74224968   -0.02866653  no 
2.700000    3.64329832    1.34329836    2.29999995    0.00824593   -0.19736042   -0.73415796   -0.02812416  no 
2.800000    3.51372732    1.31372727    2.20000005    0.00869907   -0.19669622   -0.72610500   -0.02756685  no 
2.900000    3.38514991    1.28515000    2.09999990    0.00915805   -0.19601059   -0.71809010   -0.02699447  no 
3.000000    3.25750371    1.25750371    2.00000000    0.00962295   -0.19530219   -0.71011247   -0.02640687  no 
3.100000    3.13073145    1.23073135    1.90000010    0.01009413   -0.19456975   -0.70217143   -0.02580393  no 
3.200000    3.00478021    1.20478026    1.79999995    0.01057160   -0.19381199   -0.69426615   -0.02518544  no 
3.300000    2.87960230    1.17960225    1.70000005    0.01105544   -0.19302764   -0.68639583   -0.02455125  no 
3.400000    2.75515276    1.15515286    1.59999990    0.01154573   -0.19221548   -0.67855961   -0.02390114  no 
3.500000    2.63139121    1.13139121    1.50000000    0.01204251   -0.19137429   -0.67075668   -0.02323493  no 
3.600000    2.50827937    1.10827927    1.40000010    0.01254581   -0.19050288   -0.66298615   -0.02255239  no 
3.700000    2.38578194    1.08578199    1.29999995    0.01305565   -0.18960009   -0.65524714   -0.02185332  no 
3.800000    2.26386661    1.06386656    1.20000005    0.01357202   -0.18866479   -0.64753870   -0.02113746  no 
3.900000    2.14250269    1.04250278    1.09999990    0.01409493   -0.18769588   -0.63985998   -0.02040457  no 
4.000000    2.02166217    1.02166217    1.00000000    0.01462437   -0.18669228   -0.63220999   -0.01965441  no 
4.100000    1.90131839    1.00131829    0.90000010    0.01516031   -0.18565295   -0.62458778   -0.01888670  no 
4.200000    1.78144662    0.98144643    0.80000019    0.01570276   -0.18457685   -0.61699242   -0.01810118  no 
4.300000    1.66202316    0.96202336    0.69999981    0.01625168   -0.18346297   -0.60942289   -0.01729758  no 
4.400000    1.54302720    0.94302729    0.59999990    0.01680706   -0.18231032   -0.60187822   -0.01647564  no 
4.500000    1.42443787    0.92443787    0.50000000    0.01736889   -0.18111794   -0.59435743   -0.01563506  no 
4.600000    1.30623589    0.90623580    0.40000010    0.01793714   -0.17988486   -0.58685949   -0.01477557  no 
4.700000    1.18840318    0.88840299    0.30000019    0.01851181   -0.17861017   -0.57938339   -0.01389689  no 
4.800000    1.07092220    0.87092239    0.19999981    0.01909289   -0.17729294   -0.57192812   -0.01299872  no 
4.900000    0.95377781    0.85377791    0.09999990    0.01968037   -0.17593228   -0.56449265   -0.01208077  no 
5.000000    0.83695429    0.83695429    0.00000000    0.02027427   -0.17452732   -0.55707592   -0.01114275  BEST-STATE 
