#
# State information.
#
#


# dataset 0: For the stoma (column numbers are in brackets)
# 1  2  3  4  5  6  7  8  9  10  11  12  13  14  15  16  
t  pore-length  pore-width  stoma-length  stoma-width  pore-area  gc0-height  gc0-width  gc0-ar  gc0-surface-area  gc0-volume  gc1-height  gc1-width  gc1-ar  gc1-surface-area  gc1-volume  
0.000000   17.00000000    2.00000000   45.00000000   32.00000000   26.66142133   15.00000000   15.00000000    1.00000000  1682.89731753  4633.88931046           nan           nan           nan           nan           nan 
0.100000   17.07674564    2.46129280   45.06233285   32.48468217   31.31345158   14.97080385   15.01169468    0.99727607  1697.66141829  4694.21790270           nan           nan           nan           nan           nan 
0.200000   17.15750222    2.89239246   45.14334677   32.92773086   35.88861896   14.94876081   15.01766920    0.99541151  1712.37583001  4752.80143970           nan           nan           nan           nan           nan 
0.300000   17.24437524    3.29088259   45.23963824   33.33466887   40.30832683   14.93000678   15.02189314    0.99388317  1726.90398198  4809.66110358           nan           nan           nan           nan           nan 
0.400000   17.33745676    3.65750504   45.34802428   33.70911753   44.54005488   14.91309071   15.02580625    0.99249854  1741.16098361  4864.92379731           nan           nan           nan           nan           nan 
0.500000   17.43563831    3.99474168   45.46544966   34.05425882   48.57629774   14.89734937   15.02975857    0.99119020  1755.10477962  4918.50849717           nan           nan           nan           nan           nan 
0.600000   17.53728116    4.30536175   45.58905661   34.37320900   52.41961500   14.88240581   15.03392363    0.98992161  1768.66042338  4970.22336862           nan           nan           nan           nan           nan 
0.700000   17.64057040    4.59196115   45.71625906   34.66896439   56.08039017   14.86827323   15.03850162    0.98868050  1781.75172681  5020.20507572           nan           nan           nan           nan           nan 
0.800000   17.74406505    4.85702085   45.84491694   34.94402719   59.56626294   14.85505833   15.04350317    0.98747334  1794.42641681  5068.13085050           nan           nan           nan           nan           nan 
0.900000   17.84657472    5.10287189   45.97336465   35.20063567   62.88714075   14.84281404   15.04888189    0.98630677  1806.68967890  5114.52809288           nan           nan           nan           nan           nan 
1.000000   17.94713455    5.33173847   46.10031128   35.44092202   66.05475548   14.83154619   15.05459177    0.98518422  1818.47934213  5158.74903697           nan           nan           nan           nan           nan 
1.100000   18.04518819    5.54535961   46.22492921   35.66656113   69.07813424   14.82123204   15.06060076    0.98410630  1829.81687053  5201.15534184           nan           nan           nan           nan           nan 
1.200000   18.14037383    5.74529839   46.34669614   35.87902188   71.96645247   14.81183916   15.06686175    0.98307394  1840.72555944  5241.96197133           nan           nan           nan           nan           nan 
1.300000   18.23243606    5.93297172   46.46526361   36.07961178   74.72909581   14.80332603   15.07332003    0.98208795  1851.19889074  5281.25711927           nan           nan           nan           nan           nan 
1.400000   18.32131147    6.10960722   46.58033121   36.26936531   77.37431433   14.79565933   15.07987905    0.98115239  1861.30119424  5319.04058499           nan           nan           nan           nan           nan 
1.500000   18.40707695    6.27627182   46.69174731   36.44937754   79.90988901   14.78876822   15.08655286    0.98026158  1871.02169876  5355.48626568           nan           nan           nan           nan           nan 
1.600000   18.48969686    6.43388605   46.79956472   36.62059021   82.34335395   14.78260981   15.09335208    0.97941198  1880.37850134  5390.70271032           nan           nan           nan           nan           nan 
1.700000   18.56923175    6.58324909   46.90382600   36.78378344   84.68142973   14.77704993   15.10026717    0.97859526  1889.39973099  5424.69337861           nan           nan           nan           nan           nan 
1.800000   18.64581215    6.72506666   47.00465083   36.93964386   86.93050368   14.77215426   15.10728860    0.97781638  1898.11457496  5457.66876659           nan           nan           nan           nan           nan 
1.900000   18.71962202    6.85993242   47.10217047   37.08876419   89.09579020   14.76742740   15.11441588    0.97704255  1906.55245126  5489.55650993           nan           nan           nan           nan           nan 
2.000000   18.79080319    6.98841429   47.19653726   37.23168230   91.18241904   14.76339099   15.12163401    0.97630924  1914.72683157  5520.46023010           nan           nan           nan           nan           nan 
2.100000   18.85952425    7.11108208   47.28785920   37.36888838   93.19527241   14.75968637   15.12890315    0.97559527  1922.64398961  5550.51338165           nan           nan           nan           nan           nan 
2.200000   18.92589390    7.22829580   47.37632561   37.50081825   95.13913699   14.75626028   15.13626122    0.97489466  1930.32124818  5579.71507285           nan           nan           nan           nan           nan 
2.300000   18.99004602    7.34067392   47.46206832   37.62784481   97.01839035   14.75314581   15.14358544    0.97421749  1937.78706072  5608.08613146           nan           nan           nan           nan           nan 
2.400000   19.05210900    7.44862127   47.54523730   37.75030899   98.83694967   14.75030006   15.15084386    0.97356294  1945.04269222  5635.70173185           nan           nan           nan           nan           nan 
2.500000   19.11221814    7.55246830   47.62600875   37.86851406  100.59830338   14.74765790   15.15802288    0.97292754  1952.09009571  5662.66743910           nan           nan           nan           nan           nan 
2.600000   19.17053795    7.65259123   47.70444775   37.98282528  102.30675631   14.74530485   15.16511703    0.97231725  1958.96924684  5688.85702531           nan           nan           nan           nan           nan 
2.700000   19.22703075    7.74912405   47.78063607   38.09357595  103.96534081   14.74325353   15.17222595    0.97172647  1965.66010688  5714.48112485           nan           nan           nan           nan           nan 
2.800000   19.28174615    7.84227896   47.85463262   38.20099211  105.57689126   14.74148709   15.17935658    0.97115362  1972.16628512  5739.51805326           nan           nan           nan           nan           nan 
2.900000   19.33476353    7.93228865   47.92650414   38.30532694  107.14435807   14.73994845   15.18651915    0.97059427  1978.52740117  5764.02206520           nan           nan           nan           nan           nan 
3.000000   19.38613677    8.01936293   47.99640489   38.40677023  108.67011888   14.73867199   15.19370365    0.97005130  1984.74323148  5787.94635337           nan           nan           nan           nan           nan 
3.100000   19.43593049    8.10365677   48.06429291   38.50546694  110.15599519   14.73748985   15.20090508    0.96951397  1990.82300472  5811.38608065           nan           nan           nan           nan           nan 
3.200000   19.48424220    8.18529701   48.13030791   38.60153723  111.60318178   14.73653448   15.20812011    0.96899119  1996.76672675  5834.32582555           nan           nan           nan           nan           nan 
3.300000   19.53115892    8.26440668   48.19455934   38.69509602  113.01306876   14.73571733   15.21534467    0.96847739  2002.57468967  5856.84455527           nan           nan           nan           nan           nan 
3.400000   19.57673860    8.34111786   48.25717759   38.78627634  114.38745157   14.73499447   15.22257924    0.96796963  2008.26509150  5878.92514455           nan           nan           nan           nan           nan 
3.500000   19.62109041    8.41552544   48.31825233   38.87515974  115.72745609   14.73430845   15.22981715    0.96746457  2013.84577443  5900.58597038           nan           nan           nan           nan           nan 
3.600000   19.66429186    8.48774290   48.37787127   38.96188831  117.03444934   14.73365462   15.23707271    0.96696097  2019.31601203  5921.87560588           nan           nan           nan           nan           nan 
3.700000   19.70637417    8.55788422   48.43609095   39.04659557  118.30985282   14.73312685   15.24435568    0.96646439  2024.68910389  5942.76595022           nan           nan           nan           nan           nan 
3.800000   19.74736524    8.62606192   48.49301338   39.12937069  119.55514219   14.73275381   15.25165439    0.96597742  2029.94872780  5963.37833191           nan           nan           nan           nan           nan 
3.900000   19.78731012    8.69238472   48.54870367   39.21030045  120.77174719   14.73254186   15.25895786    0.96550118  2035.12507741  5983.62463070           nan           nan           nan           nan           nan 
4.000000   19.82625651    8.75694132   48.60315514   39.28946114  121.96087842   14.73249123   15.26625991    0.96503605  2040.20511471  6003.50751179           nan           nan           nan           nan           nan 
4.100000   19.86423421    8.81982183   48.65637684   39.36693430  123.12378873   14.73260036   15.27355623    0.96458219  2045.19772479  6023.15145312           nan           nan           nan           nan           nan 
4.200000   19.90132880    8.88110876   48.70842481   39.44279528  124.26144806   14.73286602   15.28084326    0.96413959  2050.11002212  6042.47265478           nan           nan           nan           nan           nan 
4.300000   19.93751740    8.94086075   48.75936222   39.51710320  125.37482191   14.73328328   15.28812122    0.96370791  2054.91681985  6061.65359888           nan           nan           nan           nan           nan 
4.400000   19.97282672    8.99914169   48.80924058   39.58992004  126.46482338   14.73384741   15.29538918    0.96328686  2059.67869848  6080.46811063           nan           nan           nan           nan           nan 
4.500000   20.00729728    9.05600452   48.85809755   39.66129827  127.53224185   14.73455411   15.30264688    0.96287618  2064.35678151  6099.10985170           nan           nan           nan           nan           nan 
4.600000   20.04096246    9.11150265   48.90603471   39.73128986  128.57786537   14.73539898   15.30989361    0.96247560  2068.97512638  6117.45846282           nan           nan           nan           nan           nan 
4.700000   20.07387519    9.16567183   48.95303488   39.79993057  129.60220876   14.73637772   15.31712937    0.96208482  2073.52725275  6135.58595446           nan           nan           nan           nan           nan 
4.800000   20.10606503    9.21856403   48.99912405   39.86727333  130.60600227   14.73748583   15.32435465    0.96170352  2078.01145679  6153.53085329           nan           nan           nan           nan           nan 
4.900000   20.13757014    9.27022409   49.04434776   39.93336201  131.58989784   14.73871964   15.33156896    0.96133146  2082.43906418  6171.24098874           nan           nan           nan           nan           nan 
5.000000   20.16841888    9.32069445   49.08873701   39.99824142  132.55449015   14.74007457   15.33877349    0.96096827  2086.80825947  6188.76128340           nan           nan           nan           nan           nan 


# dataset 1: optimisation metric
# 1  2  3  4  5  6  7  8  9  
t  metric  metric_raw  dp  pc-gc0-width  pc-pore-length  pc-pore-width  pc-stoma-length  best  
0.000000    6.85114063    1.85114063    5.00000000    0.00000000   -0.22727273   -0.84000000   -0.04255319  no 
0.100000    6.54520751    1.64520751    4.90000000    0.00077965   -0.22378429   -0.80309658   -0.04122696  no 
0.200000    6.28515551    1.48515552    4.80000000    0.00117795   -0.22011354   -0.76860860   -0.03950326  no 
0.300000    6.05715282    1.35715283    4.69999999    0.00145954   -0.21616476   -0.73672939   -0.03745451  no 
0.400000    5.85232640    1.25232641    4.59999999    0.00172042   -0.21193378   -0.70739960   -0.03514842  no 
0.500000    5.66468201    1.16468201    4.50000000    0.00198390   -0.20747099   -0.68042067   -0.03265001  no 
0.600000    5.49014062    1.09014064    4.39999998    0.00226158   -0.20285086   -0.65557106   -0.03002007  no 
0.700000    5.32586024    1.02586022    4.30000001    0.00256677   -0.19815589   -0.63264311   -0.02731364  no 
0.800000    5.16976663    0.96976664    4.19999999    0.00290021   -0.19345159   -0.61143833   -0.02457624  no 
0.900000    5.02030311    0.92030309    4.10000002    0.00325879   -0.18879206   -0.59177025   -0.02184331  no 
1.000000    4.87626252    0.87626252    4.00000000    0.00363945   -0.18422116   -0.57346092   -0.01914231  no 
1.100000    4.73675081    0.83675084    3.89999998    0.00404005   -0.17976417   -0.55637123   -0.01649087  no 
1.200000    4.60105868    0.80105873    3.79999995    0.00445745   -0.17543755   -0.54037613   -0.01390008  no 
1.300000    4.46861361    0.76861356    3.70000005    0.00488800   -0.17125291   -0.52536226   -0.01137737  no 
1.400000    4.33895454    0.73895452    3.60000002    0.00532527   -0.16721311   -0.51123142   -0.00892912  no 
1.500000    4.21170599    0.71170599    3.50000000    0.00577019   -0.16331468   -0.49789825   -0.00655857  no 
1.600000    4.08656267    0.68656269    3.39999998    0.00622347   -0.15955923   -0.48528912   -0.00426458  no 
1.700000    3.96327134    0.66327139    3.29999995    0.00668448   -0.15594401   -0.47334007   -0.00204626  no 
1.800000    3.84161872    0.64161868    3.20000005    0.00715257   -0.15246308   -0.46199467    0.00009895  no 
1.900000    3.72142769    0.62142766    3.10000002    0.00762773   -0.14910809   -0.45120541    0.00217384  no 
2.000000    3.60254224    0.60254224    3.00000000    0.00810893   -0.14587258   -0.44092686    0.00418164  no 
2.100000    3.48481951    0.58481941    2.90000010    0.00859354   -0.14274890   -0.43111343    0.00612466  no 
2.200000    3.36815673    0.56815678    2.79999995    0.00908408   -0.13973210   -0.42173634    0.00800693  no 
2.300000    3.25242572    0.55242567    2.70000005    0.00957236   -0.13681609   -0.41274609    0.00983124  no 
2.400000    3.13753424    0.53753434    2.59999990    0.01005626   -0.13399505   -0.40411030    0.01160079  no 
2.500000    3.02340669    0.52340669    2.50000000    0.01053486   -0.13126281   -0.39580254    0.01331934  no 
2.600000    2.90996551    0.50996541    2.40000010    0.01100780   -0.12861191   -0.38779270    0.01498825  no 
2.700000    2.79717085    0.49717090    2.29999995    0.01148173   -0.12604406   -0.38007008    0.01660928  no 
2.800000    2.68497527    0.48497522    2.20000005    0.01195711   -0.12355699   -0.37261768    0.01818367  no 
2.900000    2.57333024    0.47333034    2.09999990    0.01243461   -0.12114711   -0.36541691    0.01971285  no 
3.000000    2.46219397    0.46219397    2.00000000    0.01291358   -0.11881196   -0.35845097    0.02120010  no 
3.100000    2.35153234    0.45153224    1.90000010    0.01339367   -0.11654861   -0.35170746    0.02264453  no 
3.200000    2.24131593    0.44131598    1.79999995    0.01387467   -0.11435263   -0.34517624    0.02404910  no 
3.300000    2.13151804    0.43151800    1.70000005    0.01435631   -0.11222005   -0.33884747    0.02541616  no 
3.400000    2.02211174    0.42211183    1.59999990    0.01483862   -0.11014825   -0.33271057    0.02674846  no 
3.500000    1.91307567    0.41307567    1.50000000    0.01532114   -0.10813225   -0.32675797    0.02804792  no 
3.600000    1.80438715    0.40438706    1.40000010    0.01580485   -0.10616855   -0.32098057    0.02931641  no 
3.700000    1.69602498    0.39602503    1.29999995    0.01629038   -0.10425572   -0.31536926    0.03055513  no 
3.800000    1.58796976    0.38796972    1.20000005    0.01677696   -0.10239249   -0.30991505    0.03176624  no 
3.900000    1.48020207    0.38020217    1.09999990    0.01726386   -0.10057681   -0.30460922    0.03295114  no 
4.000000    1.37270617    0.37270617    1.00000000    0.01775066   -0.09880652   -0.29944469    0.03410968  no 
4.100000    1.26546631    0.36546622    0.90000010    0.01823708   -0.09708026   -0.29441425    0.03524206  no 
4.200000    1.15846765    0.35846746    0.80000019    0.01872288   -0.09539415   -0.28951130    0.03634946  no 
4.300000    1.05169947    0.35169966    0.69999981    0.01920808   -0.09374921   -0.28473114    0.03743324  no 
4.400000    0.94515155    0.34515165    0.59999990    0.01969261   -0.09214424   -0.28006866    0.03849448  no 
4.500000    0.83881359    0.33881359    0.50000000    0.02017646   -0.09057740   -0.27551964    0.03953399  no 
4.600000    0.73267626    0.33267617    0.40000010    0.02065957   -0.08904716   -0.27107979    0.04055393  no 
4.700000    0.62673181    0.32673162    0.30000019    0.02114196   -0.08755113   -0.26674625    0.04155393  no 
4.800000    0.52097101    0.32097120    0.19999981    0.02162364   -0.08608795   -0.26251488    0.04253455  no 
4.900000    0.41538697    0.31538707    0.09999990    0.02210460   -0.08465590   -0.25838207    0.04349676  no 
5.000000    0.30997195    0.30997195    0.00000000    0.02258490   -0.08325369   -0.25434444    0.04444121  BEST-STATE 
