#
# State information.
#
#


# dataset 0: For the stoma (column numbers are in brackets)
# 1  2  3  4  5  6  7  8  9  10  11  12  13  14  15  16  
t  pore-length  pore-width  stoma-length  stoma-width  pore-area  gc0-height  gc0-width  gc0-ar  gc0-surface-area  gc0-volume  gc1-height  gc1-width  gc1-ar  gc1-surface-area  gc1-volume  
0.000000   17.00000000    2.00000000   45.00000000   32.00000000   26.66142133   15.00000000   15.00000000    1.00000000  1676.57726273  4401.83882333           nan           nan           nan           nan           nan 
0.100000   17.00298608    2.06587216   45.01538935   32.13517720   27.32491352   14.96847622   15.03465252    0.99559842  1680.43084460  4418.96217523           nan           nan           nan           nan           nan 
0.200000   17.00542593    2.13472357   45.03151791   32.26480952   28.02541989   14.94178787   15.06504297    0.99181847  1684.26927329  4435.87057455           nan           nan           nan           nan           nan 
0.300000   17.00748838    2.20572981   45.04828734   32.39005399   28.75434675   14.91882513   15.09216209    0.98851477  1688.11828849  4452.61185379           nan           nan           nan           nan           nan 
0.400000   17.00929201    2.27837175   45.06562643   32.51171470   29.50592880   14.89884753   15.11667147    0.98559048  1691.94683240  4469.24363839           nan           nan           nan           nan           nan 
0.500000   17.01091498    2.35232797   45.08348314   32.63036770   30.27643905   14.88133479   15.13901986    0.98297875  1695.82677872  4485.87454721           nan           nan           nan           nan           nan 
0.600000   17.01243044    2.42730176   45.10181596   32.74647313   31.06262029   14.86585636   15.15958568    0.98062419  1699.70447573  4502.47913730           nan           nan           nan           nan           nan 
0.700000   17.01389276    2.50301284   45.12058891   32.86040533   31.86160464   14.85209505   15.17869624    0.97848292  1703.59323304  4519.01615835           nan           nan           nan           nan           nan 
0.800000   17.01535680    2.57933700   45.13977632   32.97243613   32.67167374   14.83980708   15.19654956    0.97652477  1707.49637252  4535.54079910           nan           nan           nan           nan           nan 
0.900000   17.01686342    2.65615839   45.15935801   33.08279061   33.49140717   14.82880996   15.21331611    0.97472568  1711.39415738  4551.99612150           nan           nan           nan           nan           nan 
1.000000   17.01845125    2.73337257   45.17931616   33.19165385   34.31954554   14.81892893   15.22914064    0.97306403  1715.29868404  4568.56261263           nan           nan           nan           nan           nan 
1.100000   17.02015475    2.81089139   45.19963691   33.29918516   35.15495588   14.81001630   15.24414688    0.97152149  1719.22768113  4585.08386611           nan           nan           nan           nan           nan 
1.200000   17.02200564    2.88863742   45.22031125   33.40551662   35.99674572   14.80193904   15.25843960    0.97008209  1723.16927443  4601.63130262           nan           nan           nan           nan           nan 
1.300000   17.02402951    2.96655279   45.24133115   33.51075923   36.84429961   14.79463190   15.27210322    0.96873572  1727.12274147  4618.18426133           nan           nan           nan           nan           nan 
1.400000   17.02625198    3.04458559   45.26268944   33.61500704   37.69698851   14.78801346   15.28521073    0.96747200  1731.07534728  4634.69805375           nan           nan           nan           nan           nan 
1.500000   17.02869562    3.12269151   45.28438237   33.71833992   38.55432633   14.78200914   15.29782420    0.96628180  1735.04423907  4651.27397687           nan           nan           nan           nan           nan 
1.600000   17.03138407    3.20083129   45.30640805   33.82082450   39.41592944   14.77657476   15.30999660    0.96515859  1739.01786353  4667.93101441           nan           nan           nan           nan           nan 
1.700000   17.03434044    3.27896810   45.32876530   33.92252135   40.28139809   14.77164185   15.32177663    0.96409458  1743.01299654  4684.67069842           nan           nan           nan           nan           nan 
1.800000   17.03758448    3.35707307   45.35145313   34.02348566   41.15041746   14.76717667   15.33320630    0.96308472  1747.02435994  4701.42585186           nan           nan           nan           nan           nan 
1.900000   17.04113605    3.43512428   45.37447074   34.12376761   42.02281972   14.76314506   15.34432167    0.96212432  1751.04692652  4718.17720884           nan           nan           nan           nan           nan 
2.000000   17.04501225    3.51310098   45.39781839   34.22340918   42.89840743   14.75951546   15.35515410    0.96120921  1755.08082938  4735.00929423           nan           nan           nan           nan           nan 
2.100000   17.04922871    3.59098339   45.42149743   34.32244802   43.77699724   14.75625765   15.36573231    0.96033546  1759.12533132  4751.97526127           nan           nan           nan           nan           nan 
2.200000   17.05380052    3.66875827   45.44550878   34.42092109   44.65847403   14.75334494   15.37608141    0.95949966  1763.21054247  4768.89126595           nan           nan           nan           nan           nan 
2.300000   17.05874265    3.74641049   45.46985450   34.51885748   45.54270565   14.75075381   15.38622350    0.95869879  1767.30640205  4785.89746865           nan           nan           nan           nan           nan 
2.400000   17.06406576    3.82393265   45.49453649   34.61629081   46.42965335   14.74846253   15.39617908    0.95793005  1771.42613422  4802.94234369           nan           nan           nan           nan           nan 
2.500000   17.06978751    3.90131390   45.51955777   34.71324492   47.31924019   14.74645242   15.40596551    0.95719106  1775.56946043  4820.04585347           nan           nan           nan           nan           nan 
2.600000   17.07593276    3.97854698   45.54492122   34.80974555   48.21144649   14.74470615   15.41559929    0.95647959  1779.73099507  4837.23031206           nan           nan           nan           nan           nan 
2.700000   17.08251267    4.05562687   45.57062960   34.90581584   49.10627602   14.74320862   15.42509449    0.95579373  1783.91308700  4854.49246924           nan           nan           nan           nan           nan 
2.800000   17.08954961    4.13254786   45.59668678   35.00147653   50.00372394   14.74194598   15.43446434    0.95513169  1788.09849126  4871.81294176           nan           nan           nan           nan           nan 
2.900000   17.09703795    4.20930314   45.62309808   35.09674335   50.90374959   14.74090603   15.44372010    0.95449192  1792.31601621  4889.17955293           nan           nan           nan           nan           nan 
3.000000   17.10498828    4.28589058   45.64986736   35.19163632   51.80639315   14.74007756   15.45287287    0.95387296  1796.55359891  4906.67943935           nan           nan           nan           nan           nan 
3.100000   17.11341201    4.36230779   45.67699939   35.28617120   52.71168210   14.73945063   15.46193171    0.95327356  1800.81389760  4924.24558346           nan           nan           nan           nan           nan 
3.200000   17.12231975    4.43855333   45.70449895   35.38036370   53.61966438   14.73901626   15.47090518    0.95269256  1805.09804166  4941.88174128           nan           nan           nan           nan           nan 
3.300000   17.13172176    4.51462650   45.73237050   35.47422934   54.53039771   14.73876634   15.47980142    0.95212890  1809.40402542  4959.60332297           nan           nan           nan           nan           nan 
3.400000   17.14162846    4.59052658   45.76061934   35.56778121   55.44394028   14.73869351   15.48862731    0.95158165  1813.73235427  4977.41333276           nan           nan           nan           nan           nan 
3.500000   17.15204878    4.66625619   45.78925061   35.66103482   56.36038071   14.73879102   15.49738932    0.95104993  1818.08347525  4995.31349002           nan           nan           nan           nan           nan 
3.600000   17.16299260    4.74181485   45.81827009   35.75400162   57.27979149   14.73905295   15.50609338    0.95053297  1822.45791467  5013.30665582           nan           nan           nan           nan           nan 
3.700000   17.17446837    4.81720591   45.84768277   35.84669566   58.20227494   14.73947379   15.51474488    0.95003005  1826.85616652  5031.39533807           nan           nan           nan           nan           nan 
3.800000   17.18648487    4.89243174   45.87749445   35.93912911   59.12792939   14.74004856   15.52334869    0.94954052  1831.26769199  5049.63345894           nan           nan           nan           nan           nan 
3.900000   17.19904973    4.96749640   45.90771019   36.03131533   60.05687733   14.74077272   15.53190947    0.94906378  1835.71500436  5067.92038666           nan           nan           nan           nan           nan 
4.000000   17.21217082    5.04240417   45.93833548   36.12326670   60.98923669   14.74164218   15.54043126    0.94859930  1840.18779784  5086.31039947           nan           nan           nan           nan           nan 
4.100000   17.22585601    5.11715889   45.96937609   36.21499443   61.92512860   14.74265319   15.54891777    0.94814658  1844.68326094  5104.82049297           nan           nan           nan           nan           nan 
4.200000   17.24011244    5.19176531   46.00083768   36.30651140   62.86468864   14.74380237   15.55737305    0.94770514  1849.20662640  5123.41734149           nan           nan           nan           nan           nan 
4.300000   17.25494704    5.26622939   46.03272569   36.39782906   63.80805767   14.74508667   15.56579983    0.94727459  1853.75747552  5142.12724236           nan           nan           nan           nan           nan 
4.400000   17.27036649    5.34055638   46.06504583   36.48895931   64.75538127   14.74650326   15.57420146    0.94685453  1858.32573074  5161.00016437           nan           nan           nan           nan           nan 
4.500000   17.28637737    5.41475296   46.09780359   36.57991409   65.70681198   14.74804968   15.58258057    0.94644463  1862.93304157  5179.94358292           nan           nan           nan           nan           nan 
4.600000   17.30298600    5.48882484   46.13100469   36.67070484   66.66250505   14.74972358   15.59094000    0.94604454  1867.55842346  5199.04276640           nan           nan           nan           nan           nan 
4.700000   17.32019854    5.56277895   46.16465497   36.76134300   67.62262168   14.75152294   15.59928203    0.94565397  1872.21036149  5218.26980587           nan           nan           nan           nan           nan 
4.800000   17.33802095    5.63662219   46.19876039   36.85183954   68.58732756   14.75344589   15.60760868    0.94527267  1876.88518185  5237.64690348           nan           nan           nan           nan           nan 
4.900000   17.35645917    5.71036124   46.23332644   36.94220686   69.55679194   14.75549075   15.61592281    0.94490034  1881.59631560  5257.08137895           nan           nan           nan           nan           nan 
5.000000   17.37551886    5.78400397   46.26835918   37.03245592   70.53118888   14.75765604   15.62422597    0.94453678  1886.33510267  5276.66575654           nan           nan           nan           nan           nan 


# dataset 1: optimisation metric
# 1  2  3  4  5  6  7  8  9  
t  metric  metric_raw  dp  pc-gc0-width  pc-pore-length  pc-pore-width  pc-stoma-length  best  
0.000000    6.85114063    1.85114063    5.00000000    0.00000000   -0.22727273   -0.84000000   -0.04255319  no 
0.100000    6.71903440    1.81903440    4.90000000    0.00231017   -0.22713700   -0.83473023   -0.04222576  no 
0.200000    6.58657026    1.78657026    4.80000000    0.00433620   -0.22702609   -0.82922211   -0.04188260  no 
0.300000    6.45418528    1.75418529    4.69999999    0.00614414   -0.22693235   -0.82354162   -0.04152580  no 
0.400000    6.32213115    1.72213116    4.59999999    0.00777810   -0.22685036   -0.81773026   -0.04115688  no 
0.500000    6.19054521    1.69054521    4.50000000    0.00926799   -0.22677659   -0.81181376   -0.04077695  no 
0.600000    6.05953690    1.65953692    4.39999998    0.01063905   -0.22670771   -0.80581586   -0.04038689  no 
0.700000    5.92919488    1.62919486    4.30000001    0.01191308   -0.22664124   -0.79975897   -0.03998747  no 
0.800000    5.79953580    1.59953581    4.19999999    0.01310330   -0.22657469   -0.79365304   -0.03957923  no 
0.900000    5.67057012    1.57057010    4.10000002    0.01422107   -0.22650621   -0.78750733   -0.03916260  no 
1.000000    5.54230133    1.54230133    4.00000000    0.01527604   -0.22643403   -0.78133019   -0.03873795  no 
1.100000    5.41472566    1.51472569    3.89999998    0.01627646   -0.22635660   -0.77512869   -0.03830560  no 
1.200000    5.28783478    1.48783483    3.79999995    0.01722931   -0.22627247   -0.76890901   -0.03786572  no 
1.300000    5.16161375    1.46161370    3.70000005    0.01814021   -0.22618048   -0.76267578   -0.03741849  no 
1.400000    5.03604584    1.43604582    3.60000002    0.01901405   -0.22607946   -0.75643315   -0.03696405  no 
1.500000    4.91111297    1.41111297    3.50000000    0.01985495   -0.22596838   -0.75018468   -0.03650250  no 
1.600000    4.78679628    1.38679631    3.39999998    0.02066644   -0.22584618   -0.74393350   -0.03603387  no 
1.700000    4.66307720    1.36307725    3.29999995    0.02145178   -0.22571180   -0.73768255   -0.03555819  no 
1.800000    4.53993595    1.33993591    3.20000005    0.02221375   -0.22556434   -0.73143415   -0.03507547  no 
1.900000    4.41735157    1.31735155    3.10000002    0.02295478   -0.22540291   -0.72519006   -0.03458573  no 
2.000000    4.29530438    1.29530438    3.00000000    0.02367694   -0.22522672   -0.71895192   -0.03408897  no 
2.100000    4.17377564    1.27377555    2.90000010    0.02438215   -0.22503506   -0.71272133   -0.03358516  no 
2.200000    4.05274548    1.25274553    2.79999995    0.02507209   -0.22482725   -0.70649934   -0.03307428  no 
2.300000    3.93219654    1.23219649    2.70000005    0.02574823   -0.22460261   -0.70028716   -0.03255629  no 
2.400000    3.81210958    1.21210967    2.59999990    0.02641194   -0.22436065   -0.69408539   -0.03203114  no 
2.500000    3.69246823    1.19246823    2.50000000    0.02706437   -0.22410057   -0.68789489   -0.03149877  no 
2.600000    3.57325538    1.17325528    2.40000010    0.02770662   -0.22382124   -0.68171624   -0.03095912  no 
2.700000    3.45445449    1.15445454    2.29999995    0.02833963   -0.22352215   -0.67554985   -0.03041214  no 
2.800000    3.33605068    1.13605063    2.20000005    0.02896429   -0.22320229   -0.66939617   -0.02985773  no 
2.900000    3.21802956    1.11802966    2.09999990    0.02958134   -0.22286191   -0.66325575   -0.02929579  no 
3.000000    3.10037721    1.10037721    2.00000000    0.03019152   -0.22250053   -0.65712875   -0.02872623  no 
3.100000    2.98307978    1.08307969    1.90000010    0.03079545   -0.22211764   -0.65101538   -0.02814895  no 
3.200000    2.86612398    1.06612402    1.79999995    0.03139368   -0.22171274   -0.64491573   -0.02756385  no 
3.300000    2.74949773    1.04949768    1.70000005    0.03198676   -0.22128537   -0.63882988   -0.02697084  no 
3.400000    2.63318867    1.03318877    1.59999990    0.03257515   -0.22083507   -0.63275787   -0.02636980  no 
3.500000    2.51718531    1.01718531    1.50000000    0.03315929   -0.22036142   -0.62669950   -0.02576063  no 
3.600000    2.40147667    1.00147658    1.40000010    0.03373956   -0.21986397   -0.62065481   -0.02514319  no 
3.700000    2.28605155    0.98605159    1.29999995    0.03431633   -0.21934235   -0.61462353   -0.02451739  no 
3.800000    2.17090017    0.97090012    1.20000005    0.03488991   -0.21879614   -0.60860546   -0.02388310  no 
3.900000    2.05601200    0.95601209    1.09999990    0.03546063   -0.21822501   -0.60260029   -0.02324021  no 
4.000000    1.94137789    0.94137789    1.00000000    0.03602875   -0.21762860   -0.59660767   -0.02258861  no 
4.100000    1.82698851    0.92698842    0.90000010    0.03659452   -0.21700655   -0.59062729   -0.02192817  no 
4.200000    1.71283504    0.91283485    0.80000019    0.03715820   -0.21635853   -0.58465878   -0.02125877  no 
4.300000    1.59890833    0.89890853    0.69999981    0.03771999   -0.21568423   -0.57870165   -0.02058030  no 
4.400000    1.48520124    0.88520134    0.59999990    0.03828010   -0.21498334   -0.57275549   -0.01989264  no 
4.500000    1.37170526    0.87170526    0.50000000    0.03883870   -0.21425557   -0.56681976   -0.01919567  no 
4.600000    1.25841291    0.85841282    0.40000010    0.03939600   -0.21350064   -0.56089401   -0.01848926  no 
4.700000    1.14531683    0.84531664    0.30000019    0.03995214   -0.21271825   -0.55497768   -0.01777330  no 
4.800000    1.03240948    0.83240967    0.19999981    0.04050725   -0.21190814   -0.54907022   -0.01704765  no 
4.900000    0.91968513    0.81968523    0.09999990    0.04106152   -0.21107004   -0.54317110   -0.01631220  no 
5.000000    0.80713667    0.80713667    0.00000000    0.04161506   -0.21020369   -0.53727968   -0.01556683  BEST-STATE 
