#
# State information.
#
#


# dataset 0: For the stoma (column numbers are in brackets)
# 1  2  3  4  5  6  7  8  9  10  11  12  13  14  15  16  
t  pore-length  pore-width  stoma-length  stoma-width  pore-area  gc0-height  gc0-width  gc0-ar  gc0-surface-area  gc0-volume  gc1-height  gc1-width  gc1-ar  gc1-surface-area  gc1-volume  
0.000000   17.00000000    2.00000000   45.00000000   32.00000000   26.66142133   15.00000000   15.00000000    1.00000000  1682.89731753  4633.88931046           nan           nan           nan           nan           nan 
0.050000   17.05666564    2.45479941   45.06029001   32.49330786   31.20009269   14.99049436   15.01925422    0.99808513  1699.66554351  4704.52552973           nan           nan           nan           nan           nan 
0.110000   17.13255478    2.96706295   45.16082972   33.03838420   36.63023603   14.98656122   15.03566062    0.99673447  1720.10893936  4788.83511342           nan           nan           nan           nan           nan 
0.143905   17.18093754    3.23819649   45.22922353   33.32791793   39.63169636   14.98545167   15.04486072    0.99605121  1731.74726548  4836.29935956           nan           nan           nan           nan           nan 
0.191028   17.25524890    3.59354365   45.33608663   33.71059883   43.69975528   14.98457202   15.05852759    0.99508879  1748.01965663  4902.14695760           nan           nan           nan           nan           nan 
0.248727   17.35678163    3.99630713   45.48243761   34.15016699   48.50239766   14.98444046   15.07692993    0.99386550  1767.95328273  4982.46321527           nan           nan           nan           nan           nan 
0.314886   17.48507464    4.41764569   45.66611814   34.61798453   53.75759245   14.98578293   15.10016942    0.99242482  1790.66958198  5073.91365364           nan           nan           nan           nan           nan 
0.387814   17.63658208    4.83703232   45.88131571   35.09316134   59.23778222   14.98943953   15.12806451    0.99083657  1815.37588867  5173.36377558           nan           nan           nan           nan           nan 
0.466155   17.80523700    5.24120927   46.11982727   35.56172848   64.76650978   14.99615628   15.16025960    0.98917543  1841.44275094  5278.02484150           nan           nan           nan           nan           nan 
0.548829   17.98391867    5.62265849   46.37275648   36.01534176   70.21468312   15.00640175   15.19634163    0.98750095  1868.22733993  5386.08048019           nan           nan           nan           nan           nan 
0.634885   18.16596758    5.97749090   46.63187492   36.44911146   75.48743583   15.02043388   15.23581028    0.98586380  1895.16321597  5495.79825962           nan           nan           nan           nan           nan 
0.723730   18.34665728    6.30503416   46.89139259   36.86159992   80.53243521   15.03828624   15.27828288    0.98429165  1921.97889689  5605.63810679           nan           nan           nan           nan           nan 
0.814806   18.52251697    6.60570765   47.14695644   37.25239420   85.31532606   15.05985461   15.32334328    0.98280475  1948.50258911  5715.26680943           nan           nan           nan           nan           nan 
0.907667   18.69141614    6.88078356   47.39581847   37.62203693   89.82024285   15.08495358   15.37062669    0.98141435  1974.57590723  5824.26954049           nan           nan           nan           nan           nan 
1.001955   18.85224164    7.13197422   47.63643074   37.97160530   94.04422657   15.11335979   15.41981554    0.98012585  2000.11679187  5932.40059002           nan           nan           nan           nan           nan 
1.097386   19.00471425    7.36114407   47.86803412   38.30243492   97.99245422   15.14483570   15.47064543    0.97894013  2025.16199474  6039.43535700           nan           nan           nan           nan           nan 
1.193731   19.14882708    7.57013226   48.09043241   38.61593008  101.67428416   15.17914768   15.52289891    0.97785522  2049.68369480  6145.50484031           nan           nan           nan           nan           nan 
1.290807   19.28477740    7.76071358   48.30374169   38.91350508  105.10241343   15.21607697   15.57639575    0.97686764  2073.69283127  6250.71075604           nan           nan           nan           nan           nan 
1.388467   19.41295981    7.93453884   48.50826192   39.19651651  108.29091088   15.25542158   15.63098884    0.97597290  2097.18870941  6355.18276026           nan           nan           nan           nan           nan 
1.486596   19.53376675    8.09309483   48.70441818   39.46621227  111.25396940   15.29699838   15.68655872    0.97516598  2120.28166385  6458.67111083           nan           nan           nan           nan           nan 
1.585098   19.64764118    8.23772287   48.89268279   39.72373390  114.00551738   15.34064251   15.74300551    0.97444179  2142.95651601  6561.55563321           nan           nan           nan           nan           nan 
1.683901   19.75502777    8.36962652   49.07352972   39.97012234  116.55891014   15.38620579   15.80024791    0.97379521  2165.25569231  6663.91725146           nan           nan           nan           nan           nan 
1.782942   19.85635471    8.48987675   49.24742603   40.20631218  118.92666699   15.43355522   15.85821772    0.97322130  2187.19359916  6765.84527969           nan           nan           nan           nan           nan 
1.882176   19.95202494    8.59942627   49.41481972   40.43313980  121.12041468   15.48257139   15.91685677    0.97271538  2208.82850697  6867.36479125           nan           nan           nan           nan           nan 
1.981562   20.04241371    8.69912195   49.57613373   40.65135479  123.15088040   15.53314662   15.97611642    0.97227300  2230.13198536  6968.61244737           nan           nan           nan           nan           nan 
2.081072   20.12786698    8.78971720   49.73176003   40.86162186  125.02792264   15.58518350   16.03595233    0.97189011  2251.19619257  7069.65895698           nan           nan           nan           nan           nan 
2.180680   20.20870328    8.87188339   49.88205957   41.06453800  126.76058566   15.63859332   16.09632730    0.97156283  2272.00595894  7170.45176914           nan           nan           nan           nan           nan 
2.280365   20.28521347    8.94622135   50.02736807   41.26063156  128.35715957   15.69329482   16.15720510    0.97128771  2292.59075981  7271.12639132           nan           nan           nan           nan           nan 
2.380114   20.35766459    9.01326799   50.16799021   41.45037842  129.82525334   15.74921322   16.21855521    0.97106142  2312.96322376  7371.72009302           nan           nan           nan           nan           nan 
2.479913   20.42630100    9.07350636   50.30420542   41.63420105  131.17184917   15.80627877   16.28034735    0.97088093  2333.12836761  7472.29456908           nan           nan           nan           nan           nan 
2.579752   20.49134564    9.12737226   50.43627024   41.81247711  132.40337893   15.86442649   16.34255242    0.97074350  2353.10734309  7572.86769334           nan           nan           nan           nan           nan 
2.679624   20.55300331    9.17525911   50.56441879   41.98554611  133.52576771   15.92359507   16.40514350    0.97064650  2372.90762744  7673.48028848           nan           nan           nan           nan           nan 
2.779521   20.61146092    9.21752548   50.68886709   42.15371227  134.54449869   15.98372620   16.46809340    0.97058754  2392.49613701  7774.29877671           nan           nan           nan           nan           nan 
2.879439   20.66689181    9.25449610   50.80981112   42.31724930  135.46465429   16.04476440   16.53137660    0.97056433  2411.97307303  7875.00045013           nan           nan           nan           nan           nan 
2.979373   20.71945405    9.28647041   50.92743349   42.47640228  136.29096625   16.10665619   16.59496593    0.97057483  2431.29170754  7975.81022768           nan           nan           nan           nan           nan 
3.079320   20.76929522    9.31372070   51.04189777   42.63139343  137.02784627   16.16934979   16.65883636    0.97061700  2450.45307852  8076.75990784           nan           nan           nan           nan           nan 
3.179278   20.81655073    9.33650064   51.15335608   42.78242302  137.67943051   16.23279500   16.72296119    0.97068903  2469.48284087  8177.71378337           nan           nan           nan           nan           nan 
3.279244   20.86134648    9.35504293   51.26195002   42.92967224  138.24960612   16.29694307   16.78731465    0.97078916  2488.36922838  8278.77425378           nan           nan           nan           nan           nan 
3.379217   20.90379977    9.36956549   51.36780930   43.07330513  138.74203542   16.36174583   16.85186982    0.97091575  2507.11808834  8379.90968592           nan           nan           nan           nan           nan 
3.479196   20.94402003    9.38027048   51.47105312   43.21347141  139.16018615   16.42715633   16.91660047    0.97106723  2525.72129741  8481.19009486           nan           nan           nan           nan           nan 
3.579179   20.98210931    9.38734770   51.57179403   43.35030842  139.50735058   16.49312806   16.98148036    0.97124207  2544.20331311  8582.41736919           nan           nan           nan           nan           nan 
3.679165   21.01816320    9.39097548   51.67013502   43.48394012  139.78666214   16.55961537   17.04648232    0.97143886  2562.55768224  8683.68056481           nan           nan           nan           nan           nan 
3.779154   21.05227184    9.39132214   51.76617336   43.61448097  140.00111739   16.62657332   17.11157942    0.97165626  2580.76844678  8784.98745152           nan           nan           nan           nan           nan 
3.879145   21.08451986    9.38854742   51.85999966   43.74203682  140.15358479   16.69395721   17.17674470    0.97189296  2598.84783078  8886.28738605           nan           nan           nan           nan           nan 
3.979138   21.11498690    9.38280153   51.95169830   43.86670399  140.24681528   16.76172304   17.24195123    0.97214769  2616.79182183  8987.56598312           nan           nan           nan           nan           nan 
4.079132   21.14374876    9.37422943   52.04134941   43.98857307  140.28346302   16.82982731   17.30717182    0.97241927  2634.59677195  9088.73593446           nan           nan           nan           nan           nan 
4.179128   21.17087746    9.36296844   52.12902689   44.10772800  140.26608918   16.89822698   17.37237978    0.97270651  2652.25316606  9190.02043334           nan           nan           nan           nan           nan 
4.279124   21.19644117    9.34915018   52.21480083   44.22424698  140.19716213   16.96687996   17.43754840    0.97300834  2669.76979895  9290.88269552           nan           nan           nan           nan           nan 
4.379121   21.22050524    9.33290195   52.29873753   44.33820343  140.07907819   17.03574419   17.50265074    0.97332367  2687.10912242  9391.98497898           nan           nan           nan           nan           nan 
4.479119   21.24313116    9.31434441   52.38089991   44.44966698  139.91415486   17.10477877   17.56766129    0.97365144  2704.36254937  9492.78383788           nan           nan           nan           nan           nan 
4.579117   21.26437902    9.29359531   52.46134710   44.55870247  139.70464526   17.17394304   17.63255358    0.97399069  2721.47937211  9593.33407928           nan           nan           nan           nan           nan 
4.679115   21.28430557    9.27076769   52.54013538   44.66537285  139.45273741   17.24319792   17.69730258    0.97434046  2738.44435485  9693.71616947           nan           nan           nan           nan           nan 
4.779114   21.30296516    9.24597120   52.61731958   44.76973629  139.16055283   17.31250429   17.76188254    0.97469985  2755.26555017  9793.84331247           nan           nan           nan           nan           nan 
4.879113   21.32041025    9.21931076   52.69294882   44.87185097  138.83015966   17.38182425   17.82627010    0.97506793  2771.93442840  9893.70460005           nan           nan           nan           nan           nan 
4.979113   21.33669138    9.19088936   52.76707220   44.97177124  138.46356798   17.45112109   17.89044094    0.97544388  2788.44782408  9993.29232764           nan           nan           nan           nan           nan 
5.000000   21.33994961    9.18473959   52.78236914   44.99236965  138.38260714   17.46558928   17.90381503    0.97552333  2791.87667687  10014.06205055           nan           nan           nan           nan           nan 


# dataset 1: optimisation metric
# 1  2  3  4  5  6  7  8  9  
t  metric  metric_raw  dp  pc-gc0-width  pc-pore-length  pc-pore-width  pc-stoma-length  best  
0.000000    6.85114063    1.85114063    5.00000000    0.00000000   -0.22727273   -0.84000000   -0.04255319  no 
0.050000    6.59799963    1.64799963    4.95000000    0.00128361   -0.22469702   -0.80361605   -0.04127043  no 
0.110000    6.35028182    1.46028182    4.89000000    0.00237737   -0.22124751   -0.76263496   -0.03913128  no 
0.143905    6.22978957    1.37369414    4.85609543    0.00299071   -0.21904829   -0.74094428   -0.03767610  no 
0.191028    6.07952820    1.27055644    4.80897176    0.00390184   -0.21567050   -0.71251651   -0.03540241  no 
0.248727    5.91648383    1.16521099    4.75127284    0.00512866   -0.21105538   -0.68029543   -0.03228856  no 
0.314886    5.75070563    1.06559193    4.68511370    0.00667796   -0.20522388   -0.64658834   -0.02838047  no 
0.387814    5.58734558    0.97515918    4.61218640    0.00853763   -0.19833718   -0.61303741   -0.02380179  no 
0.466155    5.42865807    0.89481353    4.53384453    0.01068397   -0.19067105   -0.58070326   -0.01872708  no 
0.548829    5.27534185    0.82417081    4.45117104    0.01308944   -0.18254915   -0.55018732   -0.01334561  no 
0.634885    5.12749066    0.76237573    4.36511493    0.01572069   -0.17427420   -0.52180073   -0.00783245  no 
0.723730    4.98457530    0.70830527    4.27627003    0.01855219   -0.16606103   -0.49559727   -0.00231080  no 
0.814806    4.84614008    0.66094595    4.18519413    0.02155622   -0.15806741   -0.47154339    0.00312673  no 
0.907667    4.71171401    0.61938057    4.09233344    0.02470845   -0.15039018   -0.44953732    0.00842167  no 
1.001955    4.58085203    0.58280718    3.99804485    0.02798770   -0.14307993   -0.42944206    0.01354108  no 
1.097386    4.45315334    0.55053934    3.90261400    0.03137636   -0.13614935   -0.41110847    0.01846881  no 
1.193731    4.32827152    0.52200224    3.80626929    0.03485993   -0.12959877   -0.39438942    0.02320069  no 
1.290807    4.20590430    0.49671083    3.70919347    0.03842638   -0.12341921   -0.37914291    0.02773918  no 
1.388467    4.08578954    0.47425661    3.61153293    0.04206592   -0.11759274   -0.36523689    0.03209068  no 
1.486596    3.96770374    0.45429925    3.51340449    0.04577058   -0.11210151   -0.35255241    0.03626422  no 
1.585098    3.85145308    0.43655146    3.41490161    0.04953370   -0.10692540   -0.34098217    0.04026985  no 
1.683901    3.73686919    0.42076978    3.31609941    0.05334986   -0.10204419   -0.33042988    0.04411765  no 
1.782942    3.62380503    0.40674744    3.21705759    0.05721451   -0.09743842   -0.32080986    0.04781758  no 
1.882176    3.51213190    0.39430770    3.11782420    0.06112378   -0.09308978   -0.31204590    0.05137914  no 
1.981562    3.40173612    0.38329861    3.01843750    0.06507443   -0.08898119   -0.30407024    0.05481136  no 
2.081072    3.29251681    0.37358867    2.91892815    0.06906349   -0.08509696   -0.29682262    0.05812255  no 
2.180680    3.18438370    0.36506326    2.81932044    0.07308849   -0.08142258   -0.29024933    0.06132042  no 
2.280365    3.07725626    0.35762173    2.71963453    0.07714701   -0.07794484   -0.28430229    0.06441209  no 
2.380114    2.97106095    0.35117527    2.61988568    0.08123701   -0.07465161   -0.27893856    0.06740405  no 
2.479913    2.86573156    0.34564479    2.52008677    0.08535649   -0.07153177   -0.27411949    0.07030224  no 
2.579752    2.76120704    0.34095949    2.42024755    0.08950349   -0.06857520   -0.26981022    0.07311213  no 
2.679624    2.65743184    0.33705568    2.32037616    0.09367623   -0.06577258   -0.26597927    0.07583870  no 
2.779521    2.55435462    0.33387561    2.22047901    0.09787289   -0.06311541   -0.26259796    0.07848653  no 
2.879439    2.45192826    0.33136690    2.12056136    0.10209177   -0.06059583   -0.25964031    0.08105981  no 
2.979373    2.35010853    0.32948150    2.02062702    0.10633106   -0.05820663   -0.25708237    0.08356241  no 
3.079320    2.24885546    0.32817565    1.92067981    0.11058909   -0.05594113   -0.25490234    0.08599782  no 
3.179278    2.14813069    0.32740883    1.82072186    0.11486408   -0.05379315   -0.25307995    0.08836928  no 
3.279244    2.04789952    0.32714394    1.72075558    0.11915431   -0.05175698   -0.25159657    0.09067979  no 
3.379217    1.94812917    0.32734656    1.62078261    0.12345799   -0.04982728   -0.25043476    0.09293211  no 
3.479196    1.84878913    0.32798496    1.52080417    0.12777336   -0.04799909   -0.24957836    0.09512879  no 
3.579179    1.74985120    0.32902977    1.42082143    0.13209869   -0.04626776   -0.24901218    0.09727221  no 
3.679165    1.65128911    0.33045376    1.32083535    0.13643215   -0.04462895   -0.24872196    0.09936457  no 
3.779154    1.55307810    0.33223168    1.22084641    0.14077196   -0.04307855   -0.24869423    0.10140794  no 
3.879145    1.45519517    0.33434008    1.12085509    0.14511631   -0.04161273   -0.24891621    0.10340425  no 
3.979138    1.35761943    0.33675732    1.02086210    0.14946342   -0.04022787   -0.24937588    0.10535528  no 
4.079132    1.26033108    0.33946316    0.92086792    0.15381145   -0.03892051   -0.25006165    0.10726275  no 
4.179128    1.16331117    0.34243887    0.82087231    0.15815865   -0.03768739   -0.25096252    0.10912823  no 
4.279124    1.06654326    0.34566704    0.72087622    0.16250323   -0.03652540   -0.25206799    0.11095321  no 
4.379121    0.97001007    0.34913138    0.62087870    0.16684338   -0.03543158   -0.25336784    0.11273910  no 
4.479119    0.87369808    0.35281690    0.52088118    0.17117742   -0.03440313   -0.25485245    0.11448723  no 
4.579117    0.77759265    0.35670947    0.42088318    0.17550357   -0.03343732   -0.25651237    0.11619887  no 
4.679115    0.68168070    0.36079599    0.32088470    0.17982017   -0.03253156   -0.25833858    0.11787522  no 
4.779114    0.58594991    0.36506415    0.22088575    0.18412550   -0.03168340   -0.26032230    0.11951744  no 
4.879113    0.49038939    0.36950259    0.12088680    0.18841801   -0.03089044   -0.26245514    0.12112657  no 
4.979113    0.39498787    0.37410049    0.02088737    0.19269606   -0.03015039   -0.26472885    0.12270366  no 
5.000000    0.37508008    0.37508008    0.00000000    0.19358767   -0.03000229   -0.26522083    0.12302913  BEST-STATE 
