#
# State information.
#
#


# dataset 0: For the stoma (column numbers are in brackets)
# 1  2  3  4  5  6  7  8  9  10  11  12  13  14  15  16  
t  pore-length  pore-width  stoma-length  stoma-width  pore-area  gc0-height  gc0-width  gc0-ar  gc0-surface-area  gc0-volume  gc1-height  gc1-width  gc1-ar  gc1-surface-area  gc1-volume  
0.000000   17.00000000    2.00000000   45.00000000   32.00000000   26.66142133   15.00000000   15.00000000    1.00000000  1682.89731753  4633.88931046           nan           nan           nan           nan           nan 
0.025000   17.08919627    2.44888338   45.06508233   32.48244095   31.18027669   14.95633029   15.01677878    0.99597460  1696.93020596  4690.39665334           nan           nan           nan           nan           nan 
0.064642   17.23651567    3.11796474   45.20306464   33.16607749   38.30385786   14.90781230   15.02405638    0.99226280  1719.02819080  4776.28259339           nan           nan           nan           nan           nan 
0.088025   17.32982245    3.48401594   45.30102274   33.53211367   42.41374455   14.88448603   15.02404886    0.99071070  1731.90412563  4825.27166488           nan           nan           nan           nan           nan 
0.104239   17.39788514    3.72540283   45.37506065   33.77187943   45.21179553   14.86953764   15.02323830    0.98976914  1740.76314344  4858.67719115           nan           nan           nan           nan           nan 
0.137209   17.54474878    4.18645382   45.53856075   34.22767091   50.76194367   14.84129536   15.02060854    0.98806219  1758.54251019  4924.99888217           nan           nan           nan           nan           nan 
0.183586   17.76777017    4.77352571   45.79094797   34.80598545   58.25138689   14.80517702   15.01622987    0.98594502  1782.86654595  5014.90756456           nan           nan           nan           nan           nan 
0.212008   17.91110516    5.10212970   45.95418859   35.12933826   62.66645656   14.78479454   15.01360428    0.98475984  1797.45657546  5068.39579987           nan           nan           nan           nan           nan 
0.254747   18.13198256    5.55777359   46.20597351   35.57785082   69.06844467   14.75644355   15.01003861    0.98310497  1818.72789470  5145.16628303           nan           nan           nan           nan           nan 
0.308937   18.41460395    6.07827282   46.52794099   36.09116316   76.80167800   14.72423309   15.00644517    0.98119394  1844.44753464  5237.43881325           nan           nan           nan           nan           nan 
0.372071   18.73837781    6.61730957   46.89685118   36.62491512   85.28865683   14.69149771   15.00380278    0.97918494  1872.62648009  5338.03297635           nan           nan           nan           nan           nan 
0.435205   19.04983091    7.09650087   47.25190544   37.10217714   93.24087075   14.66324168   15.00283813    0.97736452  1898.85497277  5431.63712612           nan           nan           nan           nan           nan 
0.470370   19.21668601    7.34128523   47.44233775   37.34737110   97.45196625   14.64915890   15.00304294    0.97641252  1912.69302016  5480.99315134           nan           nan           nan           nan           nan 
0.518503   19.43680978    7.65417194   47.69375920   37.66230965  102.97959286   14.63148397   15.00406885    0.97516774  1930.80097165  5545.40920890           nan           nan           nan           nan           nan 
0.577009   19.69159126    8.00411844   47.98486757   38.01694536  109.35375616   14.61170536   15.00641346    0.97369737  1951.57577029  5619.43829028           nan           nan           nan           nan           nan 
0.643814   19.96579814    8.36871862   48.29846072   38.38941813  116.21002851   14.59200317   15.01034975    0.97212946  1973.79504419  5698.65982791           nan           nan           nan           nan           nan 
0.717257   20.24798822    8.73299503   48.62151623   38.76497555  123.28182529   14.57248685   15.01599026    0.97046459  1996.52924890  5780.15009515           nan           nan           nan           nan           nan 
0.795886   20.52964067    9.08728361   48.94392776   39.13376570  130.37035841   14.55419075   15.02324104    0.96877836  2019.21787530  5861.38911925           nan           nan           nan           nan           nan 
0.878788   20.80618596    9.42751741   49.26027393   39.49094915  137.36687724   14.53754428   15.03171587    0.96712474  2041.48038961  5941.53587088           nan           nan           nan           nan           nan 
0.965111   21.07366896    9.75167942   49.56673527   39.83413029  144.20050492   14.52269086   15.04122543    0.96552578  2063.08668335  6019.47797330           nan           nan           nan           nan           nan 
1.054168   21.32953405   10.05996895   49.86064243   40.16262054  150.83471670   14.50968349   15.05132580    0.96401365  2083.89045381  6094.58972769           nan           nan           nan           nan           nan 
1.145414   21.57287884   10.35422707   50.13997698   40.47575665  157.24350901   14.49815536   15.06076479    0.96264403  2103.80019504  6166.92997330           nan           nan           nan           nan           nan 
1.238411   21.80352640   10.63337421   50.40433645   40.77402878  163.41089700   14.48787558   15.07032728    0.96135109  2122.87269213  6236.21038664           nan           nan           nan           nan           nan 
1.332809   22.02141666   10.89769363   50.65369892   41.05848885  169.34015480   14.47915065   15.08039761    0.96013056  2141.07808863  6302.67585790           nan           nan           nan           nan           nan 
1.428327   22.22774029   11.14705372   50.88997507   41.32902336  175.02253734   14.47144192   15.09098482    0.95894616  2158.48572758  6366.36804896           nan           nan           nan           nan           nan 
1.524741   22.42327023   11.38236237   51.11410570   41.58645535  180.46405638   14.46482605   15.10204649    0.95780569  2175.14670692  6427.41049689           nan           nan           nan           nan           nan 
1.621873   22.60840273   11.60510254   51.32676792   41.83180618  185.67896908   14.45897883   15.11335182    0.95670233  2191.07925741  6486.17886931           nan           nan           nan           nan           nan 
1.719578   22.78374910   11.81698990   51.52907610   42.06588554  190.68069919   14.45376796   15.12444782    0.95565591  2206.34653861  6542.55680037           nan           nan           nan           nan           nan 
1.817742   22.94983530   12.01869202   51.72136450   42.28981781  195.48521935   14.44928497   15.13556290    0.95465792  2220.96174238  6596.95387888           nan           nan           nan           nan           nan 
1.916274   23.10712433   12.21145535   51.90339518   42.50491047  200.11226908   14.44550216   15.14672756    0.95370450  2235.01273531  6649.31234564           nan           nan           nan           nan           nan 
2.015099   23.25632286   12.39535141   52.07626915   42.71140957  204.56398924   14.44252706   15.15802908    0.95279716  2248.53357504  6699.85903009           nan           nan           nan           nan           nan 
2.114159   23.39821196   12.57073498   52.24107122   42.90963936  208.84656113   14.44031549   15.16945219    0.95193388  2261.56144225  6748.80778451           nan           nan           nan           nan           nan 
2.213407   23.53333950   12.73832893   52.39798450   43.10033989  212.97092758   14.43879259   15.18100548    0.95110911  2274.13042875  6796.27328881           nan           nan           nan           nan           nan 
2.312805   23.66225481   12.89868259   52.54744911   43.28352833  216.94568943   14.43795288   15.19242287    0.95033906  2286.28437516  6842.29394760           nan           nan           nan           nan           nan 
2.412324   23.78537130   13.05232811   52.69036102   43.45988178  220.77982877   14.43775892   15.20377684    0.94961660  2298.03694215  6887.02703872           nan           nan           nan           nan           nan 
2.511939   23.90314198   13.19972992   52.82820129   43.63002205  224.48198350   14.43812311   15.21514606    0.94893096  2309.42667774  6930.58221179           nan           nan           nan           nan           nan 
2.611631   24.01597261   13.34133530   52.96044016   43.79445076  228.06029337   14.43896461   15.22655773    0.94827504  2320.47658644  6973.02522738           nan           nan           nan           nan           nan 
2.711385   24.12415123   13.47755146   53.08743286   43.95358658  231.52261834   14.44020033   15.23801756    0.94764298  2331.21420806  7014.48354323           nan           nan           nan           nan           nan 
2.811188   24.22805262   13.60874271   53.20952702   44.10780334  234.87538243   14.44148046   15.24953032    0.94701149  2341.62409056  7055.00964395           nan           nan           nan           nan           nan 
2.911030   24.32788897   13.73527050   53.32703495   44.25747204  238.12531076   14.44317812   15.26110077    0.94640474  2351.78384261  7094.51072867           nan           nan           nan           nan           nan 
3.010904   24.42386580   13.85751534   53.44022179   44.40296173  241.28138544   14.44503230   15.27272320    0.94580594  2361.67917073  7133.11113968           nan           nan           nan           nan           nan 
3.110803   24.51618576   13.97578907   53.54940891   44.54456139  244.34832578   14.44699931   15.28438616    0.94521292  2371.32147676  7170.84189738           nan           nan           nan           nan           nan 
3.210722   24.60506868   14.09047413   53.65478420   44.68260574  247.33237634   14.44909811   15.29606581    0.94462840  2380.72822426  7207.78756927           nan           nan           nan           nan           nan 
3.310658   24.69060469   14.20223141   53.75645447   44.81760216  250.24206699   14.45128793   15.30768538    0.94405441  2389.89452580  7243.84279009           nan           nan           nan           nan           nan 
3.410606   24.77270651   14.31183243   53.85437870   44.94947147  253.08372478   14.45347458   15.31881952    0.94351099  2398.83707392  7279.04841788           nan           nan           nan           nan           nan 
3.510565   24.85151815   14.41929340   53.94860363   45.07851219  255.85972878   14.45579791   15.32960939    0.94299845  2407.55975819  7313.59560219           nan           nan           nan           nan           nan 
3.610532   24.92717505   14.52434731   54.03922939   45.20495892  258.57338031   14.45836395   15.34030581    0.94250820  2416.09259837  7347.33414012           nan           nan           nan           nan           nan 
3.710505   25.00020790   14.62665176   54.12676811   45.32858562  261.22259121   14.46116567   15.35096693    0.94203614  2424.44732909  7380.50217561           nan           nan           nan           nan           nan 
3.810484   25.07075596   14.72618294   54.21156693   45.44942570  263.80814559   14.46417344   15.36162138    0.94157857  2432.63457135  7413.09570415           nan           nan           nan           nan           nan 
3.910467   25.13891029   14.82306862   54.29373264   45.56758308  266.33222995   14.46733785   15.37225723    0.94113295  2440.66030952  7445.31872658           nan           nan           nan           nan           nan 
4.010453   25.20495224   14.91739559   54.37288666   45.68319225  268.79797455   14.47055858   15.38289833    0.94069130  2448.54175407  7476.84702097           nan           nan           nan           nan           nan 
4.110443   25.26902580   15.00946045   54.45056725   45.79638386  271.20839569   14.47390568   15.39346170    0.94026321  2456.27526954  7507.90328022           nan           nan           nan           nan           nan 
4.210434   25.33118248   15.09934425   54.52623367   45.90732098  273.56640114   14.47724468   15.40398836    0.93983742  2463.83760203  7538.62180981           nan           nan           nan           nan           nan 
4.310427   25.39146519   15.18733120   54.59975052   46.01623917  275.87603461   14.48049206   15.41445398    0.93940999  2471.29871450  7568.69187090           nan           nan           nan           nan           nan 
4.410421   25.44991779   15.27372837   54.67147636   46.12327385  278.14222069   14.48358285   15.42477274    0.93898193  2478.61761028  7598.30060357           nan           nan           nan           nan           nan 
4.510417   25.50652599   15.35866928   54.74095631   46.22869587  280.36574725   14.48664975   15.43501329    0.93855765  2485.80859890  7627.42394927           nan           nan           nan           nan           nan 
4.610414   25.56126690   15.44200420   54.80843925   46.33249378  282.54623873   14.48985130   15.44524479    0.93814320  2492.88679770  7656.12466780           nan           nan           nan           nan           nan 
4.710411   25.61428165   15.52360249   54.87405968   46.43455982  284.68375995   14.49321759   15.45547867    0.93773981  2499.85486366  7684.48365865           nan           nan           nan           nan           nan 
4.810408   25.66571140   15.60346031   54.93798065   46.53488922  286.77920401   14.49674308   15.46571445    0.93734713  2506.71850681  7712.53319835           nan           nan           nan           nan           nan 
4.910407   25.71577740   15.68153381   55.00025558   46.63344193  288.83254364   14.50042304   15.47595406    0.93696473  2513.49133777  7740.25419257           nan           nan           nan           nan           nan 
5.000000   25.75953770   15.75000477   55.05488014   46.72026539  290.63742961   14.50384805   15.48513031    0.93663067  2519.47854937  7764.89003930           nan           nan           nan           nan           nan 


# dataset 1: optimisation metric
# 1  2  3  4  5  6  7  8  9  
t  metric  metric_raw  dp  pc-gc0-width  pc-pore-length  pc-pore-width  pc-stoma-length  best  
0.000000    6.85114063    1.85114063    5.00000000    0.00000000   -0.22727273   -0.84000000   -0.04255319  no 
0.025000    6.62508724    1.65008724    4.97500000    0.00111859   -0.22321835   -0.80408933   -0.04116846  no 
0.064642    6.34572315    1.41036530    4.93535785    0.00160376   -0.21652201   -0.75056282   -0.03823267  no 
0.088025    6.21213260    1.30015796    4.91197464    0.00160326   -0.21228080   -0.72127872   -0.03614845  no 
0.104239    6.12935840    1.23359706    4.89576134    0.00154922   -0.20918704   -0.70196777   -0.03457318  no 
0.137209    5.98027337    1.11748267    4.86279070    0.00137390   -0.20251142   -0.66508369   -0.03109445  no 
0.183586    5.80282781    0.98641361    4.81641419    0.00108199   -0.19237408   -0.61811794   -0.02572451  no 
0.212008    5.70762728    0.91963576    4.78799152    0.00090695   -0.18585886   -0.59182962   -0.02225131  no 
0.254747    5.57870488    0.83345150    4.74525338    0.00066924   -0.17581897   -0.55537811   -0.01689418  no 
0.308937    5.43376238    0.74269951    4.69106287    0.00042968   -0.16297255   -0.51373817   -0.01004381  no 
0.372071    5.28390288    0.65597385    4.62792903    0.00025352   -0.14825555   -0.47061523   -0.00219466  no 
0.435205    5.14896952    0.58417432    4.56479520    0.00018921   -0.13409859   -0.43227993    0.00535969  no 
0.470370    5.07884406    0.54921445    4.52962962    0.00020286   -0.12651427   -0.41269718    0.00941144  no 
0.518503    4.98758803    0.50609086    4.48149717    0.00027126   -0.11650865   -0.38766624    0.01476083  no 
0.577009    4.88280764    0.45981648    4.42299116    0.00042756   -0.10492767   -0.35967052    0.02095463  no 
0.643814    4.76987730    0.41369091    4.35618639    0.00068998   -0.09246372   -0.33050251    0.02762682  no 
0.717257    4.65240043    0.36965787    4.28274256    0.00106602   -0.07963690   -0.30136040    0.03450035  no 
0.795886    4.53289490    0.32878070    4.20411420    0.00154940   -0.06683451   -0.27301731    0.04136017  no 
0.878788    4.41259015    0.29137862    4.12121153    0.00211439   -0.05426427   -0.24579861    0.04809093  no 
0.965111    4.29244110    0.25755170    4.03488940    0.00274836   -0.04210596   -0.21986565    0.05461139  no 
1.054168    4.17303414    0.22720248    3.94583166    0.00342172   -0.03047572   -0.19520248    0.06086473  no 
1.145414    4.05471719    0.20013166    3.85458553    0.00405099   -0.01941460   -0.17166183    0.06680802  no 
1.238411    3.93808063    0.17649206    3.76158857    0.00468849   -0.00893062   -0.14933006    0.07243269  no 
1.332809    3.82356205    0.15637102    3.66719103    0.00535984    0.00097348   -0.12818451    0.07773827  no 
1.428327    3.71163119    0.13995816    3.57167304    0.00606565    0.01035183   -0.10823570    0.08276543  no 
1.524741    3.60262964    0.12737105    3.47525859    0.00680310    0.01923956   -0.08941101    0.08753416  no 
1.621873    3.49676221    0.11863523    3.37812698    0.00755679    0.02765467   -0.07159180    0.09205889  no 
1.719578    3.39406469    0.11364296    3.28042173    0.00829652    0.03562496   -0.05464081    0.09636332  no 
1.817742    3.29438377    0.11212624    3.18225753    0.00903753    0.04317433   -0.03850464    0.10045456  no 
1.916274    3.19729892    0.11357263    3.08372629    0.00978184    0.05032383   -0.02308357    0.10432756  no 
2.015099    3.10230442    0.11740323    2.98490119    0.01053527    0.05710558   -0.00837189    0.10800573  no 
2.114159    3.00885218    0.12301105    2.88584113    0.01129681    0.06355509    0.00565880    0.11151215  no 
2.213407    2.91643987    0.12984691    2.78659296    0.01206703    0.06969725    0.01906631    0.11485073  no 
2.312805    2.82467668    0.13748209    2.68719459    0.01282819    0.07555704    0.03189461    0.11803083  no 
2.412324    2.73328162    0.14560581    2.58767581    0.01358512    0.08115324    0.04418625    0.12107151  no 
2.511939    2.64206804    0.15400709    2.48806095    0.01434307    0.08650645    0.05597839    0.12400428  no 
2.611631    2.55088267    0.16251382    2.38836884    0.01510385    0.09163512    0.06730682    0.12681788  no 
2.711385    2.45963101    0.17101578    2.28861523    0.01586784    0.09655233    0.07820412    0.12951985  no 
2.811188    2.36825291    0.17944066    2.18881226    0.01663535    0.10127512    0.08869942    0.13211760  no 
2.911030    2.27670868    0.18773873    2.08896995    0.01740672    0.10581313    0.09882164    0.13461776  no 
3.010904    2.18497582    0.19587966    1.98909616    0.01818155    0.11017572    0.10860123    0.13702600  no 
3.110803    2.09304229    0.20384517    1.88919711    0.01895908    0.11437208    0.11806313    0.13934913  no 
3.210722    2.00090640    0.21162861    1.78927779    0.01973772    0.11841221    0.12723793    0.14159115  no 
3.310658    1.90858090    0.21923840    1.68934250    0.02051236    0.12230021    0.13617851    0.14375435  no 
3.410606    1.81608081    0.22668672    1.58939409    0.02125463    0.12603211    0.14494659    0.14583784  no 
3.510565    1.72340380    0.23396837    1.48943543    0.02197396    0.12961446    0.15354347    0.14784263  no 
3.610532    1.63053763    0.24106920    1.38946843    0.02268705    0.13305341    0.16194778    0.14977084  no 
3.710505    1.53747929    0.24798430    1.28949499    0.02339780    0.13637309    0.17013214    0.15163336  no 
3.810484    1.44422911    0.25471305    1.18951607    0.02410809    0.13957982    0.17809464    0.15343759  no 
3.910467    1.35079201    0.26125892    1.08953309    0.02481715    0.14267774    0.18584549    0.15518580  no 
4.010453    1.25717073    0.26762395    0.98954678    0.02552656    0.14567965    0.19339165    0.15686993  no 
4.110443    1.16339346    0.27383610    0.88955736    0.02623078    0.14859208    0.20075684    0.15852271  no 
4.210434    1.06945842    0.27989238    0.78956604    0.02693256    0.15141739    0.20794754    0.16013263  no 
4.310427    0.97537646    0.28580318    0.68957329    0.02763027    0.15415751    0.21498650    0.16169682  no 
4.410421    0.88116351    0.29158488    0.58957863    0.02831818    0.15681445    0.22189827    0.16322290  no 
4.510417    0.78682155    0.29723853    0.48958302    0.02900089    0.15938755    0.22869354    0.16470120  no 
4.610414    0.69234571    0.30275926    0.38958645    0.02968299    0.16187577    0.23536034    0.16613701  no 
4.710411    0.59773427    0.30814487    0.28958941    0.03036524    0.16428553    0.24188820    0.16753318  no 
4.810408    0.50299099    0.31339911    0.18959188    0.03104763    0.16662325    0.24827682    0.16889321  no 
4.910407    0.40811794    0.31852453    0.08959341    0.03173027    0.16889897    0.25452271    0.17021820  no 
5.000000    0.32301201    0.32301201    0.00000000    0.03234202    0.17088808    0.26000038    0.17138043  BEST-STATE 
