#
# State information.
#
#


# dataset 0: For the stoma (column numbers are in brackets)
# 1  2  3  4  5  6  7  8  9  10  11  12  13  14  15  16  
t  pore-length  pore-width  stoma-length  stoma-width  pore-area  gc0-height  gc0-width  gc0-ar  gc0-surface-area  gc0-volume  gc1-height  gc1-width  gc1-ar  gc1-surface-area  gc1-volume  
0.000000   17.00000000    2.00000000   45.00000000   32.00000000   26.66142133   15.00000000   15.00000000    1.00000000  1676.57726273  4401.83882333   15.00000000   15.00000000    1.00000000  1676.57726273  4401.83882333 
0.100000   16.98835285    1.97063149   44.99252689   32.10007729   26.26199564   15.02287716   15.06472290    0.99722227  1684.20637552  4440.99763987   15.02287716   15.06472290    0.99722227  1684.20637552  4440.99763987 
0.200000   16.97596676    1.94511923   44.98591246   32.19878000   25.90521202   15.05237855   15.12683039    0.99507816  1692.01247060  4480.94280923   15.05237855   15.12683039    0.99507816  1692.01247060  4480.94280923 
0.300000   16.96302393    1.92236742   44.98006330   32.29680905   25.57921792   15.08694986   15.18722082    0.99339768  1699.93626656  4521.87278939   15.08694986   15.18722082    0.99339768  1699.93626656  4521.87278939 
0.400000   16.94964453    1.90162472   44.97491691   32.39467564   25.27584022   15.12557270   15.24652546    0.99206686  1708.06469153  4563.56941747   15.12557270   15.24652546    0.99206686  1708.06469153  4563.56941747 
0.500000   16.93591049    1.88235553   44.97043092   32.49277020   24.98921849   15.16755907   15.30520733    0.99100644  1716.36061906  4606.20745773   15.16755907   15.30520733    0.99100644  1716.36061906  4606.20745773 
0.600000   16.92187918    1.86416514   44.96657682   32.59140253   24.71500902   15.21243380   15.36361869    0.99015955  1724.82899148  4649.82992318   15.21243380   15.36361869    0.99015955  1724.82899148  4649.82992318 
0.700000   16.90759163    1.84675418   44.96333594   32.69082713   24.44989768   15.25986391   15.42203648    0.98948436  1733.45950249  4694.51485444   15.25986391   15.42203648    0.98948436  1733.45950249  4694.51485444 
0.800000   16.89307765    1.82988960   44.96069698   32.79125941   24.19129005   15.30961466   15.48068491    0.98894944  1742.28397631  4740.24764689   15.30961466   15.48068491    0.98894944  1742.28397631  4740.24764689 
0.900000   16.87835917    1.81338555   44.95865425   32.89288729   23.93710643   15.36152112   15.53975087    0.98853072  1751.26865290  4787.19633081   15.36152112   15.53975087    0.98853072  1751.26865290  4787.19633081 
1.000000   16.86345245    1.79709055   44.95720658   32.99587864   23.68564283   15.41546938   15.59939405    0.98820950  1760.47995534  4835.22253189   15.41546938   15.59939405    0.98820950  1760.47995534  4835.22253189 
1.100000   16.84836961    1.78087839   44.95635647   33.10038722   23.43547384   15.47138369   15.65975441    0.98797103  1769.89817973  4884.46893347   15.47138369   15.65975441    0.98797103  1769.89817973  4884.46893347 
1.200000   16.83311972    1.76464184   44.95610954   33.20655704   23.18538328   15.52921766   15.72095760    0.98780355  1779.53120745  4934.95277519   15.52921766   15.72095760    0.98780355  1779.53120745  4934.95277519 
1.300000   16.81770945    1.74828780   44.95647413   33.31452537   22.93431364   15.58894801   15.78311878    0.98769757  1789.38338375  4986.78118315   15.58894801   15.78311878    0.98769757  1789.38338375  4986.78118315 
1.400000   16.80214374    1.73173401   44.95746103   33.42442524   22.68132828   15.65057009   15.84634562    0.98764538  1799.46117929  5040.04751217   15.65057009   15.84634562    0.98764538  1799.46117929  5040.04751217 
1.500000   16.78642613    1.71490631   44.95908327   33.53638780   22.42558318   15.71409464   15.91074075    0.98764067  1809.78289117  5094.76535476   15.71409464   15.91074075    0.98764067  1809.78289117  5094.76535476 
1.600000   16.77055906    1.69773677   44.96135601   33.65054381   22.16630509   15.77954561   15.97640352    0.98767821  1820.34755529  5150.95008195   15.77954561   15.97640352    0.98767821  1820.34755529  5150.95008195 
1.700000   16.75454412    1.68016195   44.96429647   33.76702476   21.90277384   15.84695828   16.04343140    0.98775367  1831.17119131  5208.72419089   15.84695828   16.04343140    0.98775367  1831.17119131  5208.72419089 
1.800000   16.73838219    1.66212180   44.96792384   33.88596451   21.63430941   15.91637820   16.11192136    0.98786345  1842.25374293  5268.11097999   15.91637820   16.11192136    0.98786345  1842.25374293  5268.11097999 
1.900000   16.72207353    1.64355859   44.97225935   34.00750041   21.36026028   15.98786050   16.18197091    0.98800453  1853.62868662  5329.34253359   15.98786050   16.18197091    0.98800453  1853.62868662  5329.34253359 
2.000000   16.70561799    1.62441605   44.97732627   34.13177395   21.07999510   16.06146884   16.25367895    0.98817436  1865.28608824  5392.46178030   16.06146884   16.25367895    0.98817436  1865.28608824  5392.46178030 
2.100000   16.68901491    1.60463884   44.98314996   34.25893211   20.79289456   16.13727558   16.32714663    0.98837084  1877.24960557  5457.36421717   16.13727558   16.32714663    0.98837084  1877.24960557  5457.36421717 
2.200000   16.67226332    1.58417171   44.98975794   34.38912797   20.49834542   16.21536136   16.40247813    0.98859216  1889.53080329  5524.26785210   16.21536136   16.40247813    0.98859216  1889.53080329  5524.26785210 
2.300000   16.65536189    1.56295931   44.99718005   34.52252150   20.19573485   16.29581511   16.47978109    0.98883687  1902.14195143  5593.26347916   16.29581511   16.47978109    0.98883687  1902.14195143  5593.26347916 
2.400000   16.63830894    1.54094547   45.00544850   34.65928125   19.88444605   16.37873399   16.55916789    0.98910369  1915.11052007  5664.59429280   16.37873399   16.55916789    0.98910369  1915.11052007  5664.59429280 
2.500000   16.62110245    1.51807308   45.01459811   34.79958487   19.56385361   16.46422410   16.64075589    0.98939160  1928.45242707  5738.35230160   16.46422410   16.64075589    0.98939160  1928.45242707  5738.35230160 
2.600000   16.60374016    1.49428350   45.02466640   34.94361925   19.23332002   16.55239987   16.72466788    0.98969977  1942.17102911  5814.50633961   16.55239987   16.72466788    0.98969977  1942.17102911  5814.50633961 
2.700000   16.58621934    1.46951640   45.03569390   35.09158325   18.89219250   16.64338553   16.81103343    0.99002751  1956.29808732  5893.35073937   16.64338553   16.81103343    0.99002751  1956.29808732  5893.35073937 
2.800000   16.56853697    1.44370949   45.04772430   35.24368715   18.53979948   16.73731482   16.89998883    0.99037431  1970.85091738  5974.97823428   16.73731482   16.89998883    0.99037431  1970.85091738  5974.97823428 
2.900000   16.55068952    1.41679811   45.06080479   35.40015554   18.17544794   16.83433187   16.99167871    0.99073977  1985.85030382  6059.53191153   16.83433187   16.99167871    0.99073977  1985.85030382  6059.53191153 
3.000000   16.53267303    1.38871521   45.07498636   35.56122661   17.79842103   16.93459141   17.08625570    0.99112361  2001.32036858  6147.19845419   16.93459141   17.08625570    0.99112361  2001.32036858  6147.19845419 
3.100000   16.51448300    1.35939085   45.09032415   35.72715521   17.40797578   17.03826046   17.18388218    0.99152568  2017.28166452  6238.19051243   17.03826046   17.18388218    0.99152568  2017.28166452  6238.19051243 
3.200000   16.49611425    1.32875228   45.10687787   35.89821362   17.00333985   17.14551783   17.28473067    0.99194591  2033.77479122  6332.64602534   17.14551783   17.28473067    0.99194591  2033.77479122  6332.64602534 
3.300000   16.47756094    1.29672354   45.12471230   36.07469368   16.58371145   17.25655651   17.38898507    0.99238434  2050.81948624  6430.80256931   17.25655651   17.38898507    0.99238434  2050.81948624  6430.80256931 
3.400000   16.45881623    1.26322538   45.14389779   36.25690699   16.14825576   17.37158322   17.49684080    0.99284113  2068.45877471  6533.04195373   17.37158322   17.49684080    0.99284113  2068.45877471  6533.04195373 
3.500000   16.43987238    1.22817510   45.16451089   36.44518995   15.69610509   17.49082065   17.60850742    0.99331648  2086.72591211  6639.53803232   17.49082065   17.60850742    0.99331648  2086.72591211  6639.53803232 
3.600000   16.42072040    1.19148660   45.18663515   36.63990211   15.22635634   17.61450791   17.72420776    0.99381073  2105.64858125  6750.48741963   17.61450791   17.72420776    0.99381073  2105.64858125  6750.48741963 
3.700000   16.40134990    1.15306997   45.21036179   36.84143209   14.73807202   17.74290323   17.84418106    0.99432432  2125.27262174  6866.29679319   17.74290323   17.84418106    0.99432432  2125.27262174  6866.29679319 
3.800000   16.38174897    1.11283183   45.23579079   37.05019808   14.23027870   17.87628293   17.96868312    0.99485771  2145.64852031  6987.19534886   17.87628293   17.96868312    0.99485771  2145.64852031  6987.19534886 
3.900000   16.36190367    1.07067513   45.26303190   37.26665115   13.70196812   18.01494622   18.09798801    0.99541155  2166.83240161  7113.83742527   18.01494622   18.09798801    0.99541155  2166.83240161  7113.83742527 
4.000000   16.34179777    1.02649933   45.29220599   37.49127817   13.15209847   18.15921450   18.23238942    0.99598654  2188.86920761  7246.39498911   18.15921450   18.23238942    0.99598654  2188.86920761  7246.39498911 
4.100000   16.32141244    0.98020053   45.32344651   37.72460651   12.57959645   18.30943465   18.37220299    0.99658352  2211.80833189  7385.24918747   18.30943465   18.37220299    0.99658352  2211.80833189  7385.24918747 
4.200000   16.30072576    0.93167174   45.35690114   37.96720600   11.98336062   18.46598077   18.51776713    0.99720342  2235.72468745  7531.10885665   18.46598077   18.51776713    0.99720342  2235.72468745  7531.10885665 
4.300000   16.27971214    0.88080323   45.39273396   38.21969557   11.36226588   18.62925649   18.66944617    0.99784730  2260.68749422  7684.34173572   18.62925649   18.66944617    0.99784730  2260.68749422  7684.34173572 
4.400000   16.25834173    0.82748318   45.43112764   38.48274565   10.71517013   18.79969811   18.82763124    0.99851638  2286.78261843  7845.79551313   18.79969811   18.82763124    0.99851638  2286.78261843  7845.79551313 
4.500000   16.23657960    0.77159822   45.47228637   38.75708437   10.04092176   18.97777677   18.99274307    0.99921200  2314.09634619  8016.01771010   18.97777677   18.99274307    0.99921200  2314.09634619  8016.01771010 
4.600000   16.21438503    0.71303415   45.51643896   39.04350376    9.33837094   19.16400242   19.16523480    0.99993570  2342.72541620  8195.84891140   19.16400242   19.16523480    0.99993570  2342.72541620  8195.84891140 
4.700000   16.19171041    0.65167749   45.56384265   39.34286547    8.60638211   19.35892630   19.34559399    1.00068917  2372.75142457  8385.90787741   19.35892630   19.34559399    1.00068917  2372.75142457  8385.90787741 
4.800000   16.16850013    0.58741593   45.61478782   39.65610647    7.84385104   19.56314564   19.53434527    1.00147435  2404.30406166  8587.20857182   19.56314564   19.53434527    1.00147435  2404.30406166  8587.20857182 
4.900000   16.14468920    0.52014101   45.66960269   39.98425007    7.04972349   19.77730703   19.73205453    1.00229335  2437.52708083  8800.93690591   19.77730703   19.73205453    1.00229335  2437.52708083  8800.93690591 
5.000000   16.12020177    0.44974911   45.72866017   40.32841110    6.22302086   20.00211191   19.93933100    1.00314860  2472.55129340  9027.95706343   20.00211191   19.93933100    1.00314860  2472.55129340  9027.95706343 


# dataset 1: optimisation metric
# 1  2  3  4  5  6  7  8  9  
t  metric  metric_raw  dp  pc-gc0-width  pc-pore-length  pc-pore-width  pc-stoma-length  best  
0.000000    6.85114063    1.85114063    5.00000000    0.00000000   -0.22727273   -0.84000000   -0.04255319  no 
0.100000    6.76589030    1.86589030    4.90000000    0.00431486   -0.22780214   -0.84234948   -0.04271219  no 
0.200000    6.67891050    1.87891050    4.80000000    0.00845536   -0.22836515   -0.84439046   -0.04285293  no 
0.300000    6.59069084    1.89069086    4.69999999    0.01248139   -0.22895346   -0.84621061   -0.04297738  no 
0.400000    6.50157413    1.90157413    4.59999999    0.01643503   -0.22956161   -0.84787002   -0.04308687  no 
0.500000    6.41180966    1.91180966    4.50000000    0.02034716   -0.23018589   -0.84941156   -0.04318232  no 
0.600000    6.32158494    1.92158496    4.39999998    0.02424125   -0.23082367   -0.85086679   -0.04326432  no 
0.700000    6.23104539    1.93104538    4.30000001    0.02813577   -0.23147311   -0.85225967   -0.04333328  no 
0.800000    6.14030676    1.94030677    4.19999999    0.03204566   -0.23213283   -0.85360883   -0.04338943  no 
0.900000    6.04946400    1.94946398    4.10000002    0.03598339   -0.23280186   -0.85492916   -0.04343289  no 
1.000000    5.95859668    1.95859668    4.00000000    0.03995960   -0.23347943   -0.85623276   -0.04346369  no 
1.100000    5.86777349    1.96777351    3.89999998    0.04398363   -0.23416502   -0.85752973   -0.04348178  no 
1.200000    5.77705502    1.97705507    3.79999995    0.04806384   -0.23485819   -0.85882865   -0.04348703  no 
1.300000    5.68649625    1.98649620    3.70000005    0.05220792   -0.23555866   -0.86013698   -0.04347927  no 
1.400000    5.59614769    1.99614767    3.60000002    0.05642304   -0.23626619   -0.86146128   -0.04345828  no 
1.500000    5.50605755    2.00605755    3.50000000    0.06071605   -0.23698063   -0.86280750   -0.04342376  no 
1.600000    5.41627225    2.01627227    3.39999998    0.06509357   -0.23770186   -0.86418106   -0.04337540  no 
1.700000    5.32683756    2.02683761    3.29999995    0.06956209   -0.23842981   -0.86558704   -0.04331284  no 
1.800000    5.23779943    2.03779939    3.20000005    0.07412809   -0.23916445   -0.86703026   -0.04323566  no 
1.900000    5.14920427    2.04920425    3.10000002    0.07879806   -0.23990575   -0.86851531   -0.04314342  no 
2.000000    5.06110033    2.06110033    3.00000000    0.08357860   -0.24065373   -0.87004672   -0.04303561  no 
2.100000    4.97353789    2.07353780    2.90000010    0.08847644   -0.24140841   -0.87162889   -0.04291170  no 
2.200000    4.88656963    2.08656968    2.79999995    0.09349854   -0.24216985   -0.87326626   -0.04277111  no 
2.300000    4.80025233    2.10025228    2.70000005    0.09865207   -0.24293810   -0.87496325   -0.04261319  no 
2.400000    4.71464605    2.11464614    2.59999990    0.10394453   -0.24371323   -0.87672436   -0.04243727  no 
2.500000    4.62981655    2.12981655    2.50000000    0.10938373   -0.24449534   -0.87855415   -0.04224259  no 
2.600000    4.54583472    2.14583462    2.40000010    0.11497786   -0.24528454   -0.88045732   -0.04202837  no 
2.700000    4.46277806    2.16277811    2.29999995    0.12073556   -0.24608094   -0.88243869   -0.04179375  no 
2.800000    4.38073254    2.18073250    2.20000005    0.12666592   -0.24688468   -0.88450324   -0.04153778  no 
2.900000    4.29979232    2.19979241    2.09999990    0.13277858   -0.24769593   -0.88665615   -0.04125947  no 
3.000000    4.22006292    2.22006292    2.00000000    0.13908371   -0.24851486   -0.88890278   -0.04095774  no 
3.100000    4.14166157    2.24166147    1.90000010    0.14559215   -0.24934168   -0.89124873   -0.04063140  no 
3.200000    4.06471984    2.26471989    1.79999995    0.15231538   -0.25017662   -0.89369982   -0.04027919  no 
3.300000    3.98938702    2.28938697    1.70000005    0.15926567   -0.25101996   -0.89626212   -0.03989974  no 
3.400000    3.91583154    2.31583163    1.59999990    0.16645605   -0.25187199   -0.89894197   -0.03949154  no 
3.500000    3.84424669    2.34424669    1.50000000    0.17390049   -0.25273307   -0.90174599   -0.03905296  no 
3.600000    3.77485365    2.37485355    1.40000010    0.18161385   -0.25360362   -0.90468107   -0.03858223  no 
3.700000    3.70790840    2.40790844    1.29999995    0.18961207   -0.25448410   -0.90775440   -0.03807741  no 
3.800000    3.64370982    2.44370978    1.20000005    0.19791221   -0.25537505   -0.91097345   -0.03753637  no 
3.900000    3.58260806    2.48260816    1.09999990    0.20653253   -0.25627711   -0.91434599   -0.03695677  no 
4.000000    3.52501923    2.52501923    1.00000000    0.21549263   -0.25719101   -0.91788005   -0.03633604  no 
4.100000    3.47144095    2.57144086    0.90000010    0.22481353   -0.25811762   -0.92158396   -0.03567135  no 
4.200000    3.42247652    2.62247633    0.80000019    0.23451781   -0.25905792   -0.92546626   -0.03495955  no 
4.300000    3.37886637    2.67886656    0.69999981    0.24462974   -0.26001308   -0.92953574   -0.03419715  no 
4.400000    3.34153526    2.74153535    0.59999990    0.25517542   -0.26098447   -0.93380135   -0.03338026  no 
4.500000    3.31165556    2.81165556    0.50000000    0.26618287   -0.26197365   -0.93827214   -0.03250455  no 
4.600000    3.29074840    2.89074830    0.40000010    0.27768232   -0.26298250   -0.94295727   -0.03156513  no 
4.700000    3.28083653    2.98083634    0.30000019    0.28970627   -0.26401316   -0.94786580   -0.03055654  BEST-STATE 
4.800000    3.28469533    3.08469552    0.19999981    0.30228968   -0.26506818   -0.95300673   -0.02947260  no 
4.900000    3.30628274    3.20628284    0.09999990    0.31547030   -0.26615049   -0.95838872   -0.02830633  no 
5.000000    3.35152672    3.35152672    0.00000000    0.32928873   -0.26726356   -0.96402007   -0.02704978  no 
