#
# State information.
#
#


# dataset 0: For the stoma (column numbers are in brackets)
# 1  2  3  4  5  6  7  8  9  10  11  12  13  14  15  16  
t  pore-length  pore-width  stoma-length  stoma-width  pore-area  gc0-height  gc0-width  gc0-ar  gc0-surface-area  gc0-volume  gc1-height  gc1-width  gc1-ar  gc1-surface-area  gc1-volume  
0.000000   17.00000000    2.00000000   45.00000000   32.00000000   26.66142133   15.00000000   15.00000000    1.00000000  1658.43923969  4460.93263902           nan           nan           nan           nan           nan 
0.100000   17.60746628    0.83123696   45.35984394   30.54242218   14.12320609   15.07253099   14.85559261    1.01460315  1634.67349633  4349.04068028           nan           nan           nan           nan           nan 
0.200000   18.19149888    0.00000000   45.83967525   28.80526543    2.46277828   15.30944270   14.40458882    1.06281706  1614.16667795  4232.69636824           nan           nan           nan           nan           nan 
0.288935   18.54097390    0.02334154   46.22274792   27.26476622    1.54900608   15.78893900   13.62071234    1.15918600  1601.23788063  4131.04507983           nan           nan           nan           nan           nan 
0.368166   18.80187070    0.02908170   46.53205836   26.07055521    1.39843588   16.14760065   13.02073675    1.24014493  1592.45654749  4037.54337079           nan           nan           nan           nan           nan 
0.438885   19.00103641    0.04429662   46.78117418   25.13246393    1.39843930   16.42644048   12.54408365    1.30949704  1586.16211512  3953.62974505           nan           nan           nan           nan           nan 
0.502140   19.15482926    0.04907632   46.97059500   24.43294716    1.38724583   16.63278377   12.19193542    1.36424474  1582.44604133  3887.70998083           nan           nan           nan           nan           nan 
0.560754   19.18886590    0.00000000   46.72618818   25.68123293    0.76065551   16.28541243   12.84461093    1.26787900  1599.51640847  4045.17523316           nan           nan           nan           nan           nan 
0.619369   19.28151202    0.00000000   46.66218412   26.51303053    0.76803791   16.02531230   13.25996864    1.20854828  1615.12706356  4154.07185575           nan           nan           nan           nan           nan 
0.673747   19.37635326    0.00000000   46.65302122   27.16863251    0.72086040   15.83029926   13.59247816    1.16463673  1629.21087628  4239.50585514           nan           nan           nan           nan           nan 
0.737033   19.52996111    0.00000000   46.73370373   27.67699289    0.82607342   15.65307409   13.84179950    1.13085543  1643.91909766  4314.39570693           nan           nan           nan           nan           nan 
0.800318   19.69158864    0.00000000   46.85044789   28.06254554    0.90507595   15.50629449   14.03245699    1.10503061  1657.40878412  4377.04089433           nan           nan           nan           nan           nan 
0.867937   19.86599922    0.00000000   46.99827623   28.39524603    1.04633261   15.37423837   14.19796193    1.08284826  1671.26438228  4436.02755960           nan           nan           nan           nan           nan 
0.937307   20.05180860    0.00000000   47.17192674   28.64517617    1.11023096   15.25244960   14.32431126    1.06479462  1684.19384341  4487.83451116           nan           nan           nan           nan           nan 
1.010293   20.24980831    0.00000000   47.36518502   28.86468410    1.29780264   15.14044806   14.43566573    1.04882230  1697.25636982  4538.12841080           nan           nan           nan           nan           nan 
1.088553   20.45986652    0.00060606   47.57714033   29.07579899    1.61902288   15.03874847   14.53759646    1.03447282  1710.79575328  4589.44078541           nan           nan           nan           nan           nan 
1.163636   20.57687974    0.25626361   47.72291446   29.45116591    5.51032393   14.96860658   14.59745115    1.02542604  1724.99890644  4646.81627831           nan           nan           nan           nan           nan 
1.243702   20.58064151    0.87222815   47.79768372   30.09659505   14.25099732   14.92738406   14.61218345    1.02157108  1741.64484095  4718.73482983           nan           nan           nan           nan           nan 
1.327755   20.59557199    1.45770711   47.89338160   30.70904458   22.57308391   14.88847788   14.62566873    1.01796903  1758.22668458  4789.79043448           nan           nan           nan           nan           nan 
1.414998   20.64753747    1.99170310   48.01315618   31.26871890   30.16463885   14.85210869   14.63850790    1.01459171  1774.58083282  4856.87314245           nan           nan           nan           nan           nan 
1.504792   20.73512220    2.47065699   48.15207076   31.77295694   37.00814567   14.81831737   14.65114997    1.01140985  1790.41688120  4921.03091923           nan           nan           nan           nan           nan 
1.596627   20.83620071    2.92342377   48.29520798   32.25035018   43.58541546   14.78736933   14.66346321    1.00844999  1805.88410112  4983.08757638           nan           nan           nan           nan           nan 
1.690096   20.93434691    3.37061191   48.43210196   32.72122359   50.21768546   14.75882742   14.67530584    1.00569130  1821.19024496  5044.14002616           nan           nan           nan           nan           nan 
1.784870   21.02230740    3.81856751   48.55848408   33.19184959   56.97365012   14.73270908   14.68664104    1.00313673  1836.37575723  5104.17486657           nan           nan           nan           nan           nan 
1.880690   21.10030174    4.25550866   48.67605639   33.65075660   63.63485006   14.70880544   14.69762397    1.00076077  1851.31249626  5162.50160311           nan           nan           nan           nan           nan 
1.977345   21.17175341    4.67056775   48.78850889   34.08733582   70.02252984   14.68693453   14.70838404    0.99854168  1865.77161453  5219.44226546           nan           nan           nan           nan           nan 
2.074670   21.23966312    5.05843639   48.89908051   34.49639940   76.04668504   14.66690749   14.71898150    0.99646212  1879.71507591  5273.25918617           nan           nan           nan           nan           nan 
2.172530   21.30531931    5.41964626   49.00806665   34.87862873   81.70991638   14.64856738   14.72949123    0.99450600  1893.07180067  5324.78915406           nan           nan           nan           nan           nan 
2.270817   21.36974144    5.75549364   49.11555910   35.23536348   87.02752300   14.63169369   14.73993492    0.99265660  1905.91437177  5373.92954383           nan           nan           nan           nan           nan 
2.369447   21.43334246    6.06825542   49.22118950   35.56878686   92.02878889   14.61618936   14.75026572    0.99091024  1918.26090017  5421.12043792           nan           nan           nan           nan           nan 
2.468352   21.49620819    6.36021709   49.32470608   35.88108444   96.74364317   14.60195261   14.76043367    0.98926312  1930.12883345  5466.31408911           nan           nan           nan           nan           nan 
2.567475   21.55828619    6.63304663   49.42565012   36.17406702  101.19426771   14.58887836   14.77051020    0.98770308  1941.54545720  5509.72101966           nan           nan           nan           nan           nan 
2.666774   21.61970377    6.88845158   49.52427769   36.44957018  105.40407524   14.57689306   14.78055930    0.98622067  1952.52324018  5551.49555654           nan           nan           nan           nan           nan 
2.766212   21.68045664    7.12765741   49.62072706   36.70911646  109.39239298   14.56613806   14.79072952    0.98481539  1963.13811518  5591.61802074           nan           nan           nan           nan           nan 
2.865764   21.74042892    7.35263824   49.71490908   36.95431471  113.18103120   14.55621675   14.80083823    0.98347246  1973.37503273  5630.30603613           nan           nan           nan           nan           nan 
2.965405   21.79951429    7.56479645   49.80675793   37.18665266  116.78884525   14.54694042   14.81092811    0.98217615  1983.24338836  5667.50771293           nan           nan           nan           nan           nan 
3.065117   21.85768509    7.76528931   49.89639187   37.40724182  120.23033770   14.53841364   14.82097626    0.98093495  1992.80400193  5703.71907745           nan           nan           nan           nan           nan 
3.164887   21.91489267    7.95516014   49.98384285   37.61714220  123.51914321   14.53064704   14.83099103    0.97974889  2002.07954435  5738.59140679           nan           nan           nan           nan           nan 
3.264704   21.97106934    8.13540268   50.06898689   37.81735039  126.66856730   14.52362889   14.84097385    0.97861697  2011.04784339  5772.54437447           nan           nan           nan           nan           nan 
3.364557   22.02619982    8.30682373   50.15178490   38.00866079  129.68936732   14.51717573   14.85091853    0.97752713  2019.76933671  5805.42253947           nan           nan           nan           nan           nan 
3.464439   22.08028078    8.47015524   50.23247194   38.19178534  132.59095360   14.51126835   14.86081505    0.97647863  2028.22427790  5837.40172040           nan           nan           nan           nan           nan 
3.564345   22.13333368    8.62599945   50.31115150   38.36731434  135.38195721   14.50587305   14.87065744    0.97546952  2036.44796980  5868.47888439           nan           nan           nan           nan           nan 
3.664269   22.18536139    8.77492428   50.38790941   38.53581715  138.07008977   14.50095600   14.88044643    0.97449738  2044.43570835  5898.89345611           nan           nan           nan           nan           nan 
3.764209   22.23637009    8.91747141   50.46295929   38.69783115  140.66261282   14.49650580   14.89017987    0.97356150  2052.18939661  5928.57521938           nan           nan           nan           nan           nan 
3.864161   22.28638124    9.05409765   50.53624201   38.85381985  143.16585200   14.49248749   14.89986110    0.97265923  2059.77730107  5957.49072872           nan           nan           nan           nan           nan 
3.964123   22.33540487    9.18523550   50.60781860   39.00421524  145.58555492   14.48887068   14.90948987    0.97178849  2067.19045573  5985.68312420           nan           nan           nan           nan           nan 
4.064092   22.38344574    9.31127262   50.67771292   39.14939928  147.92732566   14.48555493   14.91906333    0.97094265  2074.43112375  6013.29869025           nan           nan           nan           nan           nan 
4.164067   22.43053055    9.43256140   50.74612808   39.28973675  150.19601628   14.48256743   14.92858768    0.97012308  2081.50437007  6040.27845328           nan           nan           nan           nan           nan 
4.264047   22.47666550    9.54941463   50.81307411   39.42553282  152.39581397   14.47987574   14.93805909    0.96932779  2088.42176076  6066.72443522           nan           nan           nan           nan           nan 
4.364031   22.52188301    9.66211843   50.87853050   39.55707788  154.53126266   14.47751260   14.94747972    0.96855877  2095.18767633  6092.69232596           nan           nan           nan           nan           nan 
4.464019   22.56619787    9.77094173   50.94256258   39.68463850  156.60537655   14.47549838   14.95684838    0.96781742  2101.80822274  6118.16772197           nan           nan           nan           nan           nan 
4.564009   22.60963058    9.87612438   51.00521278   39.80846310  158.62218722   14.47378671   14.96616936    0.96710029  2108.30223098  6143.16960508           nan           nan           nan           nan           nan 
4.664001   22.65224075    9.97789907   51.06654453   39.92877674  160.58452017   14.47232586   14.97543883    0.96640412  2114.67927501  6167.65860105           nan           nan           nan           nan           nan 
4.763994   22.69402504   10.07647610   51.12663794   40.04578495  162.49564337   14.47112191   14.98465443    0.96572944  2120.93689956  6191.72224702           nan           nan           nan           nan           nan 
4.863989   22.73498583   10.17203712   51.18548870   40.15967560  164.35795087   14.47014189   14.99381924    0.96507379  2127.06663648  6215.46310671           nan           nan           nan           nan           nan 
4.963985   22.77512121   10.26476192   51.24312305   40.27068806  166.17479220   14.46925914   15.00296307    0.96442677  2133.09992874  6238.80174408           nan           nan           nan           nan           nan 
5.000000   22.78936577   10.29750729   51.26358366   40.31001949  166.81856354   14.46898860   15.00625610    0.96419710  2135.24304283  6247.12851233           nan           nan           nan           nan           nan 
