#
# State information.
#
#


# dataset 0: For the stoma (column numbers are in brackets)
# 1  2  3  4  5  6  7  8  9  10  11  12  13  14  15  16  
t  pore-length  pore-width  stoma-length  stoma-width  pore-area  gc0-height  gc0-width  gc0-ar  gc0-surface-area  gc0-volume  gc1-height  gc1-width  gc1-ar  gc1-surface-area  gc1-volume  
0.000000   17.00000000    2.00000000   45.00000000   32.00000000   26.66142133   15.00000000   15.00000000    1.00000000  1682.89731753  4633.88931046           nan           nan           nan           nan           nan 
0.050000   17.33204937    1.22981018   45.20342389   31.22760099   18.51566769   14.98711401   14.99889541    0.99921452  1669.98653262  4570.65805699           nan           nan           nan           nan           nan 
0.105902   17.74245518    0.23945534   45.50611055   30.23681915    7.28395874   14.96551282   14.99868190    0.99778853  1656.17596364  4494.68030360           nan           nan           nan           nan           nan 
0.164189   18.09522521    0.00000000   45.82348120   29.09095812    2.20306863   15.18869358   14.54741991    1.04408161  1644.78898893  4422.00475935           nan           nan           nan           nan           nan 
0.212363   18.34705615    0.00138879   46.08826315   28.11580181    1.46538966   15.44009343   14.05720651    1.09837566  1637.00330161  4358.43724624           nan           nan           nan           nan           nan 
0.258761   18.57634151    0.01043999   46.34822071   27.17677927    1.21748086   15.67672902   13.58316964    1.15412893  1630.36292796  4291.74557724           nan           nan           nan           nan           nan 
0.303465   18.77659476    0.01385951   46.59034431   26.30730104    1.11051766   15.89512390   13.14672077    1.20905617  1624.80365126  4224.15276405           nan           nan           nan           nan           nan 
0.345145   18.94177508    0.01088178   46.79998446   25.55702686    1.01923052   16.08272219   12.77307254    1.25911147  1620.30179362  4159.82713688           nan           nan           nan           nan           nan 
0.384065   19.08017159    0.00547588   46.98379850   24.89259481    0.92326138   16.25187969   12.44355947    1.30604750  1616.63390968  4100.11625109           nan           nan           nan           nan           nan 
0.420465   19.19822812    0.00102234   47.14512038   24.30208826    0.83538526   16.40401924   12.15053296    1.35006582  1613.52410881  4044.39094665           nan           nan           nan           nan           nan 
0.454565   19.29892588    0.00000000   47.28516912   23.78320312    0.76058944   16.54138768   11.89254153    1.39090434  1611.04792132  3993.31711014           nan           nan           nan           nan           nan 
0.486565   19.39773750    0.00000000   47.42456245   23.27645302    0.63656432   16.66589665   11.64132702    1.43161485  1608.65250828  3942.08230483           nan           nan           nan           nan           nan 
0.526591   19.41470003    0.00000000   47.29231262   23.88982487    0.68733347   16.54883039   11.94569898    1.38533797  1616.83354647  4025.35718306           nan           nan           nan           nan           nan 
0.562926   19.41505432    0.00000000   47.11419582   24.80000448    0.43774561   16.35674393   12.40952921    1.31807933  1628.60952795  4141.70206354           nan           nan           nan           nan           nan 
0.602705   19.44740796    0.00000000   47.00374103   25.58614683    0.18830735   16.18562353   12.81239641    1.26327839  1640.95012935  4244.00645102           nan           nan           nan           nan           nan 
0.649592   19.52032948    0.00000000   46.95405447   26.31733084    0.03467013   16.01379335   13.18815196    1.21425605  1654.91213917  4341.85666752           nan           nan           nan           nan           nan 
0.706848   19.63946605    0.00000000   46.97900879   26.99777079    0.19786418   15.83552986   13.53685117    1.16980897  1670.78035670  4436.74319015           nan           nan           nan           nan           nan 
0.772449   19.80973959    0.00000000   47.08808422   27.53100872    0.38052340   15.68161041   13.77989864    1.13800622  1687.09080362  4519.53096239           nan           nan           nan           nan           nan 
0.839911   19.98329139    0.00000000   47.23187637   27.95341015    0.47837792   15.56392109   13.99114060    1.11241260  1702.62563837  4592.50854391           nan           nan           nan           nan           nan 
0.913880   20.19379115    0.00000000   47.42496490   28.30966806    0.57605497   15.45828754   14.16771317    1.09109264  1718.95532491  4663.04261957           nan           nan           nan           nan           nan 
0.987849   20.39626312    0.00000000   47.62617683   28.64154696    0.94567849   15.36770254   14.32447851    1.07282806  1735.06356798  4730.02828792           nan           nan           nan           nan           nan 
1.067025   20.63081741    0.00000000   47.86456275   28.92476606    0.83239512   15.28017986   14.47322774    1.05575481  1751.40447162  4795.80976796           nan           nan           nan           nan           nan 
1.148658   20.86354065    0.00000000   48.11246896   29.19741797    1.08885628   15.20143315   14.60245132    1.04101927  1767.87186673  4859.97377341           nan           nan           nan           nan           nan 
1.233877   21.09905243    0.00122464   48.37185097   29.45458031    1.43334876   15.12655623   14.72667783    1.02715333  1784.47326465  4923.52086773           nan           nan           nan           nan           nan 
1.320841   21.25565481    0.27977359   48.57939458   29.88132811    5.15163357   15.07433642   14.80077726    1.01848276  1802.10669782  4994.27897913           nan           nan           nan           nan           nan 
1.410412   21.25570869    0.97608507   48.68760967   30.63376391   15.34767373   15.04283907   14.82883942    1.01443131  1821.99489062  5080.95894508           nan           nan           nan           nan           nan 
1.502019   21.27086306    1.61594170   48.81317735   31.32413542   24.67150595   15.01322547   14.85409686    1.01071278  1841.26203199  5163.13919848           nan           nan           nan           nan           nan 
1.595305   21.30937719    2.20380813   48.94731569   31.95789602   33.23345674   14.98577852   14.87704394    1.00730888  1859.90697171  5240.70218273           nan           nan           nan           nan           nan 
1.689901   21.36874723    2.75225180   49.08149385   32.54769790   41.24559874   14.96036324   14.89772305    1.00420468  1877.85961898  5314.56589756           nan           nan           nan           nan           nan 
1.785553   21.42655325    3.30363750   49.19661427   33.13624752   49.49370487   14.93738984   14.91630501    1.00141354  1895.50995641  5387.52074494           nan           nan           nan           nan           nan 
1.882074   21.48096085    3.83859277   49.30010986   33.70493925   57.62661114   14.91673338   14.93317324    0.99889910  1912.71976316  5457.56236527           nan           nan           nan           nan           nan 
1.979291   21.53097391    4.34127951   49.39809179   34.23883748   65.34423701   14.89814631   14.94877899    0.99661292  1929.25578116  5524.12536569           nan           nan           nan           nan           nan 
2.077064   21.57699966    4.80652547   49.49429274   34.73350978   72.53910357   14.88136757   14.96349216    0.99451167  1945.06480743  5587.39381337           nan           nan           nan           nan           nan 
2.175283   21.62071657    5.23492026   49.58961773   35.19007158   79.21558660   14.86617315   14.97757566    0.99256205  1960.15371092  5647.47766227           nan           nan           nan           nan           nan 
2.273858   21.66365767    5.62886429   49.68416500   35.61127496   85.40544093   14.85237293   14.99120533    0.99073908  1974.54131712  5704.92234555           nan           nan           nan           nan           nan 
2.372718   21.70665503    5.99180222   49.77752304   36.00077438   91.15753655   14.83983943   15.00448608    0.98902684  1988.22483241  5759.16772394           nan           nan           nan           nan           nan 
2.471806   21.75004578    6.32696199   49.86898851   36.36198092   96.51771622   14.82843496   15.01750946    0.98740973  2001.33531830  5810.80678332           nan           nan           nan           nan           nan 
2.571077   21.79390669    6.63738346   49.95892859   36.69802999  101.52932702   14.81805423   15.03032327    0.98587728  2013.91695957  5859.81322998           nan           nan           nan           nan           nan 
2.670493   21.83814049    6.92583370   50.04726934   37.01176882  106.23145918   14.80860488   15.04296756    0.98442045  2025.98488180  5906.80641080           nan           nan           nan           nan           nan 
2.770026   21.88260603    7.19477272   50.13394833   37.30569077  110.65921815   14.80001587   15.05545902    0.98303319  2037.55967258  5952.00787558           nan           nan           nan           nan           nan 
2.869653   21.92722845    7.44625187   50.21890306   37.58187008  114.84011185   14.79222323   15.06780910    0.98171029  2048.71271735  5995.29676318           nan           nan           nan           nan           nan 
2.969354   21.97195911    7.68206692   50.30208111   37.84210014  118.79860403   14.78516567   15.08001661    0.98044757  2059.44624217  6037.11143912           nan           nan           nan           nan           nan 
3.069115   22.01658726    7.90385389   50.38347530   38.08795118  122.55764464   14.77878413   15.09204865    0.97924308  2069.80154655  6077.35686664           nan           nan           nan           nan           nan 
3.168923   22.06101418    8.11319733   50.46310759   38.32072926  126.13603887   14.77298306   15.10376596    0.97809931  2079.76417833  6116.37407023           nan           nan           nan           nan           nan 
3.268770   22.10517836    8.31163645   50.54095793   38.54163551  129.55078983   14.76770808   15.11499953    0.97702339  2089.43439138  6153.99048875           nan           nan           nan           nan           nan 
3.368648   22.14897442    8.49967432   50.61678791   38.75185823  132.81533569   14.76293960   15.12609196    0.97599166  2098.80564050  6190.41624771           nan           nan           nan           nan           nan 
3.468550   22.19230795    8.67818356   50.69078493   38.95236206  135.94118008   14.75859478   15.13708925    0.97499556  2107.87895278  6225.80657487           nan           nan           nan           nan           nan 
3.568472   22.23511887    8.84797525   50.76312160   39.14398909  138.93924782   14.75475179   15.14800692    0.97403915  2116.69114893  6260.23388998           nan           nan           nan           nan           nan 
3.668409   22.27735424    9.00980854   50.83377552   39.32752848  141.81984980   14.75122981   15.15885997    0.97310944  2125.27282546  6293.64492991           nan           nan           nan           nan           nan 
3.768359   22.31897593    9.16442299   50.90279150   39.50373125  144.59271504   14.74799052   15.16965413    0.97220348  2133.60320583  6326.31919690           nan           nan           nan           nan           nan 
3.868319   22.35992718    9.31250525   50.97020674   39.67325830  147.26684729   14.74499574   15.18037653    0.97131950  2141.73632645  6358.06243135           nan           nan           nan           nan           nan 
3.968287   22.40018034    9.45457506   51.03604889   39.83660698  149.84946974   14.74222133   15.19101596    0.97045658  2149.64692553  6389.08860424           nan           nan           nan           nan           nan 
4.068261   22.43972683    9.59113216   51.10048389   39.99403858  152.34646364   14.73964471   15.20145321    0.96962077  2157.35335210  6419.32545660           nan           nan           nan           nan           nan 
4.168241   22.47860718    9.72244930   51.16349125   40.14590263  154.76239754   14.73729420   15.21172667    0.96881140  2164.88401758  6448.98976679           nan           nan           nan           nan           nan 
4.268224   22.51679039    9.84879065   51.22499371   40.29263210  157.10170838   14.73524272   15.22192073    0.96802782  2172.24493927  6477.96840346           nan           nan           nan           nan           nan 
4.368211   22.55431175    9.97038603   51.28512001   40.43449116  159.36767778   14.73348847   15.23205256    0.96726875  2179.44194225  6506.33397904           nan           nan           nan           nan           nan 
4.468200   22.59124088   10.08751392   51.34431791   40.57176590  161.56421478   14.73201713   15.24212599    0.96653296  2186.49693387  6534.07706776           nan           nan           nan           nan           nan 
4.568192   22.62757111   10.20045662   51.40227222   40.70474339  163.69544985   14.73081565   15.25214338    0.96581938  2193.40367526  6561.36495139           nan           nan           nan           nan           nan 
4.668185   22.66333199   10.30946541   51.45903587   40.83368015  165.76482533   14.72987226   15.26210737    0.96512702  2200.16349257  6588.18759442           nan           nan           nan           nan           nan 
4.768180   22.69848537   10.41478348   51.51456976   40.95882607  167.77581649   14.72917572   15.27202129    0.96445490  2206.80515105  6614.48411607           nan           nan           nan           nan           nan 
4.868176   22.73305750   10.51661968   51.56894875   41.08039379  169.73137965   14.72871563   15.28188705    0.96380215  2213.31277755  6640.37676448           nan           nan           nan           nan           nan 
4.968172   22.76703024   10.61516953   51.62227726   41.19857979  171.63429705   14.72848481   15.29170513    0.96316825  2219.70364889  6665.91166203           nan           nan           nan           nan           nan 
5.000000   22.77771997   10.64588261   51.63903236   41.23552704  172.22942889   14.72845453   15.29482222    0.96296997  2221.71507178  6673.94275456           nan           nan           nan           nan           nan 
