#
# State information.
#
#


# dataset 0: For the stoma (column numbers are in brackets)
# 1  2  3  4  5  6  7  8  9  10  11  12  13  14  15  16  
t  pore-length  pore-width  stoma-length  stoma-width  pore-area  gc0-height  gc0-width  gc0-ar  gc0-surface-area  gc0-volume  gc1-height  gc1-width  gc1-ar  gc1-surface-area  gc1-volume  
0.000000   17.00000000    2.00000000   45.00000000   32.00000000   26.66142133   15.00000000   15.00000000    1.00000000  1652.98563993  4416.43322296           nan           nan           nan           nan           nan 
0.100000   17.56764150    0.83954060   45.32259393   30.62527502   14.20785549   15.05472833   14.89286721    1.01086837  1629.69601263  4306.64428060           nan           nan           nan           nan           nan 
0.200000   18.11324739    0.00000000   45.75623930   28.99560142    2.68074945   15.26487041   14.50018668    1.05273613  1609.62713452  4193.57867643           nan           nan           nan           nan           nan 
0.286064   18.43353701    0.01562715   46.10292196   27.55878496    1.57917146   15.71154350   13.77157891    1.14086726  1597.05365507  4099.23082542           nan           nan           nan           nan           nan 
0.365500   18.68680251    0.02913177   46.40375710   26.36864090    1.41354418   16.07049572   13.16975456    1.22025780  1588.07547080  4007.75154718           nan           nan           nan           nan           nan 
0.436400   18.88348091    0.02732432   46.65110958   25.43029308    1.33248632   16.34320128   12.70148438    1.28671585  1581.54538409  3925.56080833           nan           nan           nan           nan           nan 
0.499813   19.03950334    0.02253735   46.85604262   24.66120291    1.23760738   16.56600511   12.31933278    1.34471610  1576.82715382  3852.46564828           nan           nan           nan           nan           nan 
0.558572   19.06023669    0.00000000   46.61740303   25.88529634    0.79970264   16.22567797   12.95035636    1.25291363  1593.53467715  4004.76949268           nan           nan           nan           nan           nan 
0.617331   19.13312411    0.00000000   46.54922974   26.72739935    0.77965517   15.96290874   13.37136185    1.19381323  1608.81443209  4112.70355177           nan           nan           nan           nan           nan 
0.673820   19.21987414    0.00000000   46.54491830   27.38383770    0.81367485   15.75981557   13.70349550    1.15005807  1622.87860820  4196.83036538           nan           nan           nan           nan           nan 
0.738805   19.36471343    0.00000000   46.62880063   27.88298655    0.89302289   15.57792044   13.94791460    1.11686377  1637.24386808  4269.60752698           nan           nan           nan           nan           nan 
0.805683   19.52452755    0.00000000   46.75416553   28.26711559    1.00050798   15.42150283   14.13864350    1.09073426  1650.90229751  4331.88116710           nan           nan           nan           nan           nan 
0.874353   19.69038057    0.00000000   46.90338576   28.58133459    1.15541802   15.28587633   14.29343247    1.06943356  1663.97291513  4387.44992595           nan           nan           nan           nan           nan 
0.946721   19.87158108    0.00000000   47.08201623   28.83111596    1.30655551   15.15737759   14.42087221    1.05107218  1676.85281248  4438.95866933           nan           nan           nan           nan           nan 
1.022350   20.05923462    0.00000000   47.27512598   29.06338429    1.63102446   15.04398730   14.53533185    1.03499442  1689.94331014  4489.25438674           nan           nan           nan           nan           nan 
1.102738   20.25325823    0.00000000   47.48666334   29.28422618    2.25740249   14.93767609   14.64336908    1.02009831  1703.50542284  4540.95494470           nan           nan           nan           nan           nan 
1.183125   20.26314592    0.57808578   47.56609917   29.91043663   10.37904520   14.88800605   14.66617543    1.01512532  1719.81161230  4611.93091377           nan           nan           nan           nan           nan 
1.267435   20.26589751    1.16681540   47.65831494   30.52997744   18.57282332   14.84434187   14.68158102    1.01108606  1736.42259120  4682.77179107           nan           nan           nan           nan           nan 
1.354883   20.29507160    1.70727879   47.77540612   31.09824097   26.09859198   14.80376346   14.69548109    1.00736841  1752.67646421  4750.42363718           nan           nan           nan           nan           nan 
1.444841   20.37037444    2.18621340   47.91709089   31.60351539   32.77138908   14.76642202   14.70865099    1.00392769  1768.46920323  4814.54026215           nan           nan           nan           nan           nan 
1.536808   20.47387958    2.61761868   48.07227468   32.06038724   38.84839882   14.73198637   14.72138428    1.00072018  1783.71615745  4874.93902591           nan           nan           nan           nan           nan 
1.630381   20.58031964    3.03862548   48.22487569   32.50544721   44.91862124   14.70042896   14.73341087    0.99776142  1798.77309532  4934.35204470           nan           nan           nan           nan           nan 
1.725240   20.68097472    3.46277833   48.36706352   32.95170122   51.17349411   14.67177588   14.74446145    0.99507031  1813.65196930  4992.74925161           nan           nan           nan           nan           nan 
1.821127   20.77171326    3.88393497   48.49856639   33.39366329   57.47103349   14.64555597   14.75486416    0.99259172  1828.35330942  5050.38809128           nan           nan           nan           nan           nan 
1.917836   20.85446143    4.29125571   48.62262464   33.82085669   63.62983584   14.62146860   14.76480049    0.99029232  1842.70233872  5106.24798925           nan           nan           nan           nan           nan 
2.015204   20.93166780    4.67578292   48.74322605   34.22462702   69.50230584   14.59945732   14.77442205    0.98815759  1856.53522670  5159.48985117           nan           nan           nan           nan           nan 
2.113098   21.00556993    5.03550935   48.86160231   34.60316062   75.05150031   14.57933095   14.78382564    0.98616767  1869.88608361  5210.31720476           nan           nan           nan           nan           nan 
2.211413   21.07746458    5.37114096   48.97788548   34.95725727   80.28261146   14.56092763   14.79305816    0.98430814  1882.69250512  5259.30356742           nan           nan           nan           nan           nan 
2.310066   21.14789248    5.68441772   49.09193516   35.28879642   85.21763894   14.54407600   14.80218935    0.98256249  1895.01941356  5306.02119345           nan           nan           nan           nan           nan 
2.408987   21.21691608    5.97628045   49.20291615   35.59976554   89.88256222   14.52861938   14.81174254    0.98088522  1906.87600610  5350.59661716           nan           nan           nan           nan           nan 
2.508125   21.28495693    6.24900103   49.31126547   35.89180350   94.29606531   14.51438874   14.82140124    0.97928587  1918.25831711  5393.72055463           nan           nan           nan           nan           nan 
2.607435   21.35212088    6.50463533   49.41704369   36.16659641   98.47942990   14.50129899   14.83098054    0.97777075  1929.22644998  5435.07386549           nan           nan           nan           nan           nan 
2.706882   21.41826868    6.74487543   49.52016258   36.42585659  102.45434961   14.48940498   14.84049058    0.97634272  1939.83180830  5474.80741385           nan           nan           nan           nan           nan 
2.806441   21.48338318    6.97108984   49.62064981   36.67096043  106.23728135   14.47849959   14.84993529    0.97498739  1950.05735154  5513.09467228           nan           nan           nan           nan           nan 
2.906088   21.54738712    7.18456125   49.71853113   36.90316200  109.84373021   14.46849775   14.85930037    0.97369980  1959.95922842  5550.07293624           nan           nan           nan           nan           nan 
3.005805   21.61030054    7.38646507   49.81375980   37.12360430  113.28786063   14.45932484   14.86856961    0.97247585  1969.50761268  5585.89871359           nan           nan           nan           nan           nan 
3.105579   21.67214966    7.57773876   49.90650511   37.33331823  116.58232782   14.45103186   14.87778974    0.97131577  1978.76938024  5620.48268796           nan           nan           nan           nan           nan 
3.205398   21.73288822    7.75946903   49.99680090   37.53325796  119.73950347   14.44326371   14.88689446    0.97019991  1987.74269908  5654.02467115           nan           nan           nan           nan           nan 
3.305253   21.79245281    7.93258286   50.08471918   37.72430229  122.76984607   14.43605208   14.89585972    0.96913185  1996.42744656  5686.70522961           nan           nan           nan           nan           nan 
3.405137   21.85085297    8.09755325   50.17037678   37.90709877  125.68152045   14.42942923   14.90477276    0.96810797  2004.87047073  5718.37897133           nan           nan           nan           nan           nan 
3.505045   21.90806389    8.25503159   50.25388575   38.08231068  128.48298092   14.42348605   14.91363955    0.96713388  2013.08068454  5749.16121010           nan           nan           nan           nan           nan 
3.604971   21.96410799    8.40524149   50.33530426   38.25055122  131.18243592   14.41807073   14.92265487    0.96618670  2021.04837040  5779.24083281           nan           nan           nan           nan           nan 
3.704911   22.01899099    8.54906178   50.41475964   38.41236067  133.78786127   14.41308731   14.93164945    0.96527094  2028.79524583  5808.52771533           nan           nan           nan           nan           nan 
3.804864   22.07272053    8.68706989   50.49239063   38.56819010  136.30537383   14.40853018   14.94056010    0.96439023  2036.36691686  5837.04910869           nan           nan           nan           nan           nan 
3.904826   22.12535286    8.81960011   50.56809378   38.71844816  138.74024405   14.40439105   14.94942403    0.96354154  2043.75539148  5864.85948548           nan           nan           nan           nan           nan 
4.004796   22.17690039    8.94701242   50.64201689   38.86350012  141.09734891   14.40064716   14.95824385    0.96272312  2050.95665880  5892.16249853           nan           nan           nan           nan           nan 
4.104772   22.22739410    9.06966305   50.71421814   39.00370312  143.38147074   14.39726281   14.96702003    0.96193249  2057.99523546  5918.84158514           nan           nan           nan           nan           nan 
4.204752   22.27684832    9.18787956   50.78473520   39.13937902  145.59718555   14.39415038   14.97574973    0.96116392  2064.87965673  5944.97459502           nan           nan           nan           nan           nan 
4.304737   22.32528973    9.30192184   50.85365200   39.27079821  147.74820080   14.39134598   14.98443818    0.96041946  2071.61508507  5970.57129001           nan           nan           nan           nan           nan 
4.404724   22.37274265    9.41205645   50.92107010   39.39822721  149.83864588   14.38882875   14.99308538    0.95969765  2078.22427431  5995.64337655           nan           nan           nan           nan           nan 
4.504714   22.41923285    9.51851749   50.98699713   39.52189779  151.87152190   14.38659704   15.00169015    0.95899841  2084.67842154  6020.33325318           nan           nan           nan           nan           nan 
4.604706   22.46479082    9.62152433   51.05146790   39.64203548  153.84978381   14.38467818   15.01025558    0.95832334  2091.02127258  6044.47375377           nan           nan           nan           nan           nan 
4.704700   22.50944233    9.72127628   51.11457157   39.75884581  155.77590414   14.38306904   15.01878476    0.95767196  2097.24378069  6068.19330416           nan           nan           nan           nan           nan 
4.804695   22.55322456    9.81795835   51.17635012   39.87251329  157.65278091   14.38170475   15.02727747    0.95703994  2103.35028275  6091.53452865           nan           nan           nan           nan           nan 
4.904691   22.59613943    9.91175318   51.23685932   39.98323154  159.48329136   14.38057488   15.03573918    0.95642620  2109.34283120  6114.51467389           nan           nan           nan           nan           nan 
5.000000   22.63623667    9.99860764   51.29336929   40.08615685  161.18697580   14.37970680   15.04377460    0.95585763  2114.95606264  6136.08776680           nan           nan           nan           nan           nan 
