#
# State information.
#
#


# dataset 0: For the stoma (column numbers are in brackets)
# 1  2  3  4  5  6  7  8  9  10  11  12  13  14  15  16  
t  pore-length  pore-width  stoma-length  stoma-width  pore-area  gc0-height  gc0-width  gc0-ar  gc0-surface-area  gc0-volume  gc1-height  gc1-width  gc1-ar  gc1-surface-area  gc1-volume  
0.000000   10.58399963    0.94599998   29.64500046   20.94799995    7.84951630   10.00100040   10.00099999    1.00000004  784.96007682  1476.79939624           nan           nan           nan           nan           nan 
0.100000   10.59502348    1.05886819   29.65830817   21.08754487    8.50141731   10.00167084   10.01433834    0.99873506  788.33851769  1486.99980778           nan           nan           nan           nan           nan 
0.200000   10.60530993    1.16937605   29.67488194   21.21807122    9.16502897   10.00550093   10.02434759    0.99811991  791.69785083  1497.08920528           nan           nan           nan           nan           nan 
0.300000   10.61535146    1.27324045   29.69406140   21.33961704    9.80771264   10.01069219   10.03318830    0.99775783  795.00888897  1506.90503593           nan           nan           nan           nan           nan 
0.400000   10.62532517    1.36854973   29.71516037   21.45207554   10.41220961   10.01650407   10.04176290    0.99748462  798.23226754  1516.45918361           nan           nan           nan           nan           nan 
0.500000   10.63521816    1.45478779   29.73751144   21.55562419   10.97086399   10.02264250   10.05041820    0.99723636  801.34694065  1525.67057179           nan           nan           nan           nan           nan 
0.600000   10.64492743    1.53222769   29.76052893   21.65073359   11.48187368   10.02900402   10.05925295    0.99699293  804.34026456  1534.52463695           nan           nan           nan           nan           nan 
0.700000   10.65432831    1.60153478   29.78374133   21.73805839   11.94671904   10.03556164   10.06826180    0.99675215  807.20752627  1543.02828810           nan           nan           nan           nan           nan 
0.800000   10.66331375    1.66352117   29.80679537   21.81832516   12.36848255   10.04231469   10.07740200    0.99651822  809.95492191  1551.19274122           nan           nan           nan           nan           nan 
0.900000   10.67180756    1.71901113   29.82944249   21.89225721   12.75086331   10.04926777   10.08662304    0.99629655  812.57587235  1559.05172465           nan           nan           nan           nan           nan 
1.000000   10.67976420    1.76877594   29.85151623   21.96053410   13.09764634   10.05642276   10.09587908    0.99609184  815.09651662  1566.59257085           nan           nan           nan           nan           nan 
1.100000   10.68716376    1.81350660   29.87291273   22.02377152   13.41242479   10.06377704   10.10513246    0.99590748  817.51560719  1573.85479615           nan           nan           nan           nan           nan 
1.200000   10.69400532    1.85380799   29.89357343   22.08251643   13.69848315   10.07132385   10.11435422    0.99574561  819.84120864  1580.87551795           nan           nan           nan           nan           nan 
1.300000   10.70030108    1.89020354   29.91347143   22.13724899   13.95876257   10.07905318   10.12352273    0.99560730  822.07228105  1587.67892111           nan           nan           nan           nan           nan 
1.400000   10.70607153    1.92314357   29.93260166   22.18838871   14.19586807   10.08695299   10.13262257    0.99549282  824.22824137  1594.24344958           nan           nan           nan           nan           nan 
1.500000   10.71134202    1.95301521   29.95097342   22.23630095   14.41209447   10.09501001   10.14164287    0.99540184  826.30883417  1600.60868637           nan           nan           nan           nan           nan 
1.600000   10.71614026    1.98015118   29.96860540   22.28130448   14.60945919   10.10321050   10.15057665    0.99533365  828.31540032  1606.75847816           nan           nan           nan           nan           nan 
1.700000   10.72049473    2.00483847   29.98552212   22.32367706   14.78973661   10.11154068   10.15941930    0.99528727  830.26134274  1612.76791714           nan           nan           nan           nan           nan 
1.800000   10.72443359    2.02732539   30.00175142   22.36366200   14.95448895   10.11998709   10.16816831    0.99526156  832.14812955  1618.62256771           nan           nan           nan           nan           nan 
1.900000   10.72798404    2.04782748   30.01732269   22.40147293   15.10509557   10.12853679   10.17682272    0.99525530  833.97565599  1624.31474595           nan           nan           nan           nan           nan 
2.000000   10.73117197    2.06653273   30.03226614   22.43729770   15.24277746   10.13717753   10.18538249    0.99526724  835.74291537  1629.90450664           nan           nan           nan           nan           nan 
2.100000   10.73402174    2.08360589   30.04661140   22.47130239   15.36861863   10.14589773   10.19384825    0.99529613  837.46926731  1635.33696647           nan           nan           nan           nan           nan 
2.200000   10.73655623    2.09919143   30.06038705   22.50363421   15.48358477   10.15468654   10.20222139    0.99534073  839.15004550  1640.64585623           nan           nan           nan           nan           nan 
2.300000   10.73879668    2.11341739   30.07362074   22.53442419   15.58853886   10.16353385   10.21050340    0.99539988  840.78613997  1645.84056940           nan           nan           nan           nan           nan 
2.400000   10.74076280    2.12639701   30.08633909   22.56378949   15.68425508   10.17243031   10.21869624    0.99547242  842.38045453  1650.92974012           nan           nan           nan           nan           nan 
2.500000   10.74247283    2.13823116   30.09856758   22.59183466   15.77143006   10.18136719   10.22680175    0.99555730  843.93467560  1655.89685759           nan           nan           nan           nan           nan 
2.600000   10.74394365    2.14900994   30.11033031   22.61865389   15.85069220   10.19033648   10.23482198    0.99565352  845.45328587  1660.78097929           nan           nan           nan           nan           nan 
2.700000   10.74519093    2.15881407   30.12164977   22.64433229   15.92261033   10.19933072   10.24275911    0.99576009  846.93655218  1665.57147221           nan           nan           nan           nan           nan 
2.800000   10.74622925    2.16771638   30.13254714   22.66894662   15.98770104   10.20834303   10.25061512    0.99587614  848.37958662  1670.29766789           nan           nan           nan           nan           nan 
2.900000   10.74707200    2.17578232   30.14304259   22.69256639   16.04643477   10.21736708   10.25839204    0.99600084  849.79714096  1674.91341647           nan           nan           nan           nan           nan 
3.000000   10.74773163    2.18307126   30.15315515   22.71525514   16.09924045   10.22639702   10.26609194    0.99613340  851.17957121  1679.46444921           nan           nan           nan           nan           nan 
3.100000   10.74821971    2.18963742   30.16290277   22.73707056   16.14651136   10.23542747   10.27371657    0.99627310  852.53715585  1683.91997734           nan           nan           nan           nan           nan 
3.200000   10.74854699    2.19552958   30.17230231   22.75806534   16.18860782   10.24445346   10.28126788    0.99641927  853.86665407  1688.30012051           nan           nan           nan           nan           nan 
3.300000   10.74872345    2.20079291   30.18136972   22.77828801   16.22586119   10.25347042   10.28874755    0.99657129  855.16921041  1692.60772588           nan           nan           nan           nan           nan 
3.400000   10.74875844    2.20546830   30.19011992   22.79778302   16.25857745   10.26247412   10.29615736    0.99672856  856.44588990  1696.84543578           nan           nan           nan           nan           nan 
3.500000   10.74866061    2.20959342   30.19856709   22.81659126   16.28703817   10.27146065   10.30349892    0.99689054  857.69136644  1701.03016192           nan           nan           nan           nan           nan 
3.600000   10.74843810    2.21320307   30.20672464   22.83475053   16.31150486   10.28042650   10.31077373    0.99705675  858.91959774  1705.13574702           nan           nan           nan           nan           nan 
3.700000   10.74809849    2.21632910   30.21460533   22.85229576   16.33221948   10.28936833   10.31798333    0.99722669  860.12435765  1709.17786607           nan           nan           nan           nan           nan 
3.800000   10.74764891    2.21900094   30.22222090   22.86925912   16.34940679   10.29828313   10.32512909    0.99739994  861.30685065  1713.15899524           nan           nan           nan           nan           nan 
3.900000   10.74709600    2.22124612   30.22958273   22.88567066   16.36327588   10.30716816   10.33221227    0.99757611  862.46784564  1717.08102513           nan           nan           nan           nan           nan 
4.000000   10.74644604    2.22308993   30.23670167   22.90155828   16.37402189   10.31602079   10.33923417    0.99775483  863.60609981  1720.92693052           nan           nan           nan           nan           nan 
4.100000   10.74570489    2.22455585   30.24358773   22.91694796   16.38182642   10.32483873   10.34619606    0.99793573  864.72623419  1724.73600210           nan           nan           nan           nan           nan 
4.200000   10.74487807    2.22566569   30.25025070   22.93186378   16.38685970   10.33361980   10.35309905    0.99811851  865.82692497  1728.49100817           nan           nan           nan           nan           nan 
4.300000   10.74397075    2.22644007   30.25669986   22.94632852   16.38928068   10.34236208   10.35994422    0.99830287  866.90878326  1732.19343904           nan           nan           nan           nan           nan 
4.400000   10.74298789    2.22689795   30.26294380   22.96036315   16.38923856   10.35106376   10.36673260    0.99848855  867.97238935  1735.84471564           nan           nan           nan           nan           nan 
4.500000   10.74193411    2.22705710   30.26899064   22.97398758   16.38687276   10.35972312   10.37346524    0.99867526  869.01909055  1739.45376768           nan           nan           nan           nan           nan 
4.600000   10.74081382    2.22693419   30.27484816   22.98722029   16.38231480   10.36833876   10.38014305    0.99886280  870.04781972  1743.00673220           nan           nan           nan           nan           nan 
4.700000   10.73963113    2.22654486   30.28052390   23.00007868   16.37568820   10.37690926   10.38676691    0.99905094  871.05405819  1746.52351010           nan           nan           nan           nan           nan 
4.800000   10.73838997    2.22590387   30.28602493   23.01257920   16.36710888   10.38543335   10.39333767    0.99923948  872.04954240  1749.98406161           nan           nan           nan           nan           nan 
4.900000   10.73709404    2.22502482   30.29135787   23.02473736   16.35668628   10.39390996   10.39985627    0.99942823  873.02965499  1753.39862009           nan           nan           nan           nan           nan 
5.000000   10.73574688    2.22392082   30.29652923   23.03656745   16.34452370   10.40233806   10.40632331    0.99961704  873.99445741  1756.76924588           nan           nan           nan           nan           nan 


# dataset 1: optimisation metric
# 1  2  3  4  5  6  7  8  9  
t  metric  metric_raw  dp  pc-gc0-width  pc-pore-length  pc-pore-width  pc-stoma-length  best  
0.000000    5.82864827    0.82864827    5.00000000   -0.03138015   -0.00000003   -0.56304851   -0.01288624  no 
0.100000    5.61598219    0.71598219    4.90000000   -0.03008830    0.00104152   -0.51091538   -0.01244312  no 
0.200000    5.41677782    0.61677783    4.80000000   -0.02911888    0.00201341   -0.45987250   -0.01189125  no 
0.300000    5.23175743    0.53175745    4.69999999   -0.02826263    0.00296216   -0.41189818   -0.01125262  no 
0.400000    5.05965031    0.45965032    4.59999999   -0.02743216    0.00390449   -0.36787541   -0.01055007  no 
0.500000    4.89862405    0.39862405    4.50000000   -0.02659388    0.00483921   -0.32804259   -0.00980583  no 
0.600000    4.74684606    0.34684608    4.39999998   -0.02573821    0.00575656   -0.29227358   -0.00903939  no 
0.700000    4.60269408    0.30269407    4.30000001   -0.02486569    0.00664478   -0.26026107   -0.00826647  no 
0.800000    4.46481177    0.26481178    4.19999999   -0.02398044    0.00749374   -0.23162994   -0.00749882  no 
0.900000    4.33209665    0.23209663    4.10000002   -0.02308736    0.00829625   -0.20599948   -0.00674472  no 
1.000000    4.20366308    0.20366308    4.00000000   -0.02219089    0.00904802   -0.18301342   -0.00600972  no 
1.100000    4.07880317    0.17880319    3.89999998   -0.02129468    0.00974714   -0.16235261   -0.00529726  no 
1.200000    3.95695055    0.15695060    3.79999995   -0.02040153    0.01039355   -0.14373765   -0.00460930  no 
1.300000    3.83765045    0.13765040    3.70000005   -0.01951354    0.01098839   -0.12692677   -0.00394674  no 
1.400000    3.72053561    0.12053559    3.60000002   -0.01863220    0.01153359   -0.11171198   -0.00330975  no 
1.500000    3.60530839    0.10530839    3.50000000   -0.01775856    0.01203156   -0.09791445   -0.00269801  no 
1.600000    3.49172648    0.09172651    3.39999998   -0.01689330    0.01248491   -0.08538052   -0.00211090  no 
1.700000    3.37959229    0.07959234    3.29999995   -0.01603687    0.01289633   -0.07397761   -0.00154761  no 
1.800000    3.26874535    0.06874530    3.20000005   -0.01518951    0.01326848   -0.06359104   -0.00100721  no 
1.900000    3.15905664    0.05905662    3.10000002   -0.01435131    0.01360393   -0.05412126   -0.00048872  no 
2.000000    3.05042604    0.05042604    3.00000000   -0.01352228    0.01390514   -0.04548142    0.00000886  no 
2.100000    2.94278108    0.04278099    2.90000010   -0.01270235    0.01417439   -0.03759543    0.00048653  no 
2.200000    2.83607824    0.03607828    2.79999995   -0.01189139    0.01441385   -0.03039657    0.00094523  no 
2.300000    2.73030808    0.03030803    2.70000005   -0.01108926    0.01462554   -0.02382569    0.00138588  no 
2.400000    2.62549952    0.02549961    2.59999990   -0.01029576    0.01481130   -0.01783048    0.00180937  no 
2.500000    2.52172300    0.02172300    2.50000000   -0.00951073    0.01497287   -0.01236436    0.00221655  no 
2.600000    2.41906988    0.01906978    2.40000010   -0.00873395    0.01511183   -0.00738571    0.00260823  no 
2.700000    2.31759214    0.01759218    2.29999995   -0.00796522    0.01522968   -0.00285724    0.00298514  no 
2.800000    2.21721669    0.01721664    2.20000005   -0.00720435    0.01532778    0.00125468    0.00334800  no 
2.900000    2.11771910    0.01771920    2.09999990   -0.00645113    0.01540741    0.00498029    0.00369748  no 
3.000000    2.01880704    0.01880704    2.00000000   -0.00570538    0.01546973    0.00834700    0.00403420  no 
3.100000    1.92021918    0.02021908    1.90000010   -0.00496692    0.01551585    0.01137987    0.00435878  no 
3.200000    1.82176734    0.02176738    1.79999995   -0.00423556    0.01554677    0.01410142    0.00467176  no 
3.300000    1.72333165    0.02333160    1.70000005   -0.00351113    0.01556344    0.01653252    0.00497369  no 
3.400000    1.62483893    0.02483903    1.59999990   -0.00279348    0.01556675    0.01869205    0.00526505  no 
3.500000    1.52624763    0.02624763    1.50000000   -0.00208243    0.01555750    0.02059742    0.00554632  no 
3.600000    1.42753442    0.02753432    1.40000010   -0.00137785    0.01553648    0.02226470    0.00581795  no 
3.700000    1.32868749    0.02868754    1.29999995   -0.00067958    0.01550439    0.02370859    0.00608036  no 
3.800000    1.22970290    0.02970285    1.20000005    0.00001250    0.01546192    0.02494270    0.00633394  no 
3.900000    1.13058026    0.03058036    1.09999990    0.00069852    0.01540968    0.02597973    0.00657907  no 
4.000000    1.03132278    0.03132278    1.00000000    0.00137861    0.01534827    0.02683138    0.00681612  no 
4.100000    0.93193465    0.03193456    0.90000010    0.00205289    0.01527824    0.02750848    0.00704541  no 
4.200000    0.83242132    0.03242113    0.80000019    0.00272146    0.01520012    0.02802110    0.00726727  no 
4.300000    0.73278852    0.03278871    0.69999981    0.00338443    0.01511439    0.02837879    0.00748201  no 
4.400000    0.63304364    0.03304374    0.59999990    0.00404190    0.01502153    0.02859028    0.00768992  no 
4.500000    0.53319288    0.03319288    0.50000000    0.00469397    0.01492197    0.02866379    0.00789127  no 
4.600000    0.43324303    0.03324294    0.40000010    0.00534073    0.01481612    0.02860702    0.00808631  no 
4.700000    0.33320095    0.03320076    0.30000019    0.00598227    0.01470438    0.02842719    0.00827530  no 
4.800000    0.23307310    0.03307329    0.19999981    0.00661866    0.01458711    0.02813112    0.00845848  no 
4.900000    0.13286726    0.03286736    0.09999990    0.00725000    0.01446467    0.02772509    0.00863605  no 
5.000000    0.03259001    0.03259001    0.00000000    0.00787635    0.01433738    0.02721516    0.00880825  BEST-STATE 
