#
# State information.
#
#


# dataset 0: For the stoma (column numbers are in brackets)
# 1  2  3  4  5  6  7  8  9  10  11  12  13  14  15  16  
t  pore-length  pore-width  stoma-length  stoma-width  pore-area  gc0-height  gc0-width  gc0-ar  gc0-surface-area  gc0-volume  gc1-height  gc1-width  gc1-ar  gc1-surface-area  gc1-volume  
0.000000   10.58399963    0.94599998   29.64500046   20.94799995    7.84951630   10.00100040   10.00099999    1.00000004  784.96007682  1476.79939624           nan           nan           nan           nan           nan 
0.100000   10.59624807    1.07152836   29.65998299   21.10252382    8.57644933   10.00184381   10.01549773    0.99863672  788.71115525  1488.08912649           nan           nan           nan           nan           nan 
0.200000   10.60766790    1.19363448   29.67890443   21.24611053    9.31381238   10.00629178   10.02623802    0.99801060  792.42906399  1499.25080937           nan           nan           nan           nan           nan 
0.300000   10.61886140    1.30716103   29.70087786   21.37882930   10.02152120   10.01217352   10.03583413    0.99764239  796.08450054  1510.07988599           nan           nan           nan           nan           nan 
0.400000   10.63000290    1.41008165   29.72499097   21.50063562   10.68004806   10.01867422   10.04527698    0.99735171  799.62958034  1520.56690912           nan           nan           nan           nan           nan 
0.500000   10.64103004    1.50210100   29.75038818   21.61189276   11.28202771   10.02550542   10.05489588    0.99707700  803.03805289  1530.63983475           nan           nan           nan           nan           nan 
0.600000   10.65178661    1.58382291   29.77635011   21.71332479   11.82702467   10.03258258   10.06475094    0.99680386  806.29873898  1540.28558560           nan           nan           nan           nan           nan 
0.700000   10.66211238    1.65623683   29.80232608   21.80584276   12.31812941   10.03989277   10.07480296    0.99653490  809.41196636  1549.51865477           nan           nan           nan           nan           nan 
0.800000   10.67188505    1.72042710   29.82792750   21.89039832   12.75990362   10.04744193   10.08498561    0.99627727  812.37373486  1558.37472241           nan           nan           nan           nan           nan 
0.900000   10.68102771    1.77743292   29.85289612   21.96790147   13.15729493   10.05523494   10.09523427    0.99603780  815.21079133  1566.84534378           nan           nan           nan           nan           nan 
1.000000   10.68950331    1.82818776   29.87707248   22.03917873   13.51508242   10.06327054   10.10549548    0.99582159  817.92382251  1574.97647712           nan           nan           nan           nan           nan 
1.100000   10.69730471    1.87350357   29.90036771   22.10496044   13.83763821   10.07154112   10.11572844    0.99563182  820.51687181  1582.83451842           nan           nan           nan           nan           nan 
1.200000   10.70444515    1.91407526   29.92274138   22.16588140   14.12885360   10.08003426   10.12590307    0.99547015  823.00956165  1590.38167510           nan           nan           nan           nan           nan 
1.300000   10.71095051    1.95049334   29.94418517   22.22249055   14.39214306   10.08873443   10.13599861    0.99533700  825.40462850  1597.67024514           nan           nan           nan           nan           nan 
1.400000   10.71685372    1.98325896   29.96471170   22.27526021   14.63048383   10.09762434   10.14600062    0.99523198  827.70571547  1604.69060593           nan           nan           nan           nan           nan 
1.500000   10.72219107    2.01279736   29.98434639   22.32459772   14.84646502   10.10668610   10.15590018    0.99515414  829.92885728  1611.52111481           nan           nan           nan           nan           nan 
1.600000   10.72699964    2.03947115   30.00312242   22.37085426   15.04234038   10.11590184   10.16569155    0.99510218  832.07400791  1618.14983237           nan           nan           nan           nan           nan 
1.700000   10.73131594    2.06359053   30.02107698   22.41433442   15.22007447   10.12525421   10.17537194    0.99507460  834.14122279  1624.61668439           nan           nan           nan           nan           nan 
1.800000   10.73517495    2.08542180   30.03824902   22.45530236   15.38138570   10.13472669   10.18494028    0.99506982  836.14888085  1630.89444339           nan           nan           nan           nan           nan 
1.900000   10.73860958    2.10519528   30.05467799   22.49398887   15.52778209   10.14430371   10.19439679    0.99508621  838.09693107  1637.00434628           nan           nan           nan           nan           nan 
2.000000   10.74165063    2.12311077   30.07040226   22.53059614   15.66059160   10.15397070   10.20374268    0.99512218  839.98753939  1642.96599797           nan           nan           nan           nan           nan 
2.100000   10.74432670    2.13934231   30.08545846   22.56530190   15.78098830   10.16371416   10.21297979    0.99517617  841.82370898  1648.78983635           nan           nan           nan           nan           nan 
2.200000   10.74666415    2.15404284   30.09988186   22.59826326   15.89001472   10.17352155   10.22211021    0.99524671  843.60850642  1654.46251074           nan           nan           nan           nan           nan 
2.300000   10.74868727    2.16734672   30.11370599   22.62961936   15.98859960   10.18338136   10.23113632    0.99533239  845.34734158  1660.02545222           nan           nan           nan           nan           nan 
2.400000   10.75041834    2.17937291   30.12696281   22.65949440   16.07757369   10.19328299   10.24006075    0.99543189  847.03393075  1665.48762268           nan           nan           nan           nan           nan 
2.500000   10.75187793    2.19022703   30.13968202   22.68799901   16.15768277   10.20321670   10.24888599    0.99554398  848.68096142  1670.83703637           nan           nan           nan           nan           nan 
2.600000   10.75308499    2.20000327   30.15189135   22.71523249   16.22959808   10.21317352   10.25761461    0.99566750  850.29293779  1676.07031052           nan           nan           nan           nan           nan 
2.700000   10.75405695    2.20878601   30.16361690   22.74128449   16.29392667   10.22314525   10.26624924    0.99580139  851.86585937  1681.19446621           nan           nan           nan           nan           nan 
2.800000   10.75480984    2.21665096   30.17488331   22.76623559   16.35121826   10.23312435   10.27479231    0.99594464  853.39572547  1686.23568964           nan           nan           nan           nan           nan 
2.900000   10.75535849    2.22366655   30.18571365   22.79015887   16.40197332   10.24310392   10.28324616    0.99609635  854.89746544  1691.16999632           nan           nan           nan           nan           nan 
3.000000   10.75571655    2.22989428   30.19612956   22.81312084   16.44664761   10.25307769   10.29161328    0.99625563  856.36600539  1696.01534867           nan           nan           nan           nan           nan 
3.100000   10.75589669    2.23539054   30.20615137   22.83518171   16.48565807   10.26303983   10.29989558    0.99642173  857.80278191  1700.77529964           nan           nan           nan           nan           nan 
3.200000   10.75591066    2.24020612   30.21579802   22.85639691   16.51938666   10.27298504   10.30809540    0.99659390  859.20912617  1705.45313609           nan           nan           nan           nan           nan 
3.300000   10.75576936    2.24438775   30.22508746   22.87681699   16.54818450   10.28290847   10.31621462    0.99677148  860.58627454  1710.05189912           nan           nan           nan           nan           nan 
3.400000   10.75548291    2.24797797   30.23403651   22.89648819   16.57237453   10.29280573   10.32425511    0.99695384  861.92918162  1714.58652696           nan           nan           nan           nan           nan 
3.500000   10.75506075    2.25101566   30.24266106   22.91545320   16.59225506   10.30267271   10.33221877    0.99714040  863.25159534  1719.03574322           nan           nan           nan           nan           nan 
3.600000   10.75451167    2.25353706   30.25097603   22.93375146   16.60810191   10.31250572   10.34010720    0.99733064  864.54615897  1723.39507041           nan           nan           nan           nan           nan 
3.700000   10.75384390    2.25557506   30.25899535   22.95141935   16.62017022   10.32230136   10.34792215    0.99752406  865.81731027  1727.70396210           nan           nan           nan           nan           nan 
3.800000   10.75306511    2.25716019   30.26673245   22.96849012   16.62869710   10.33205655   10.35566497    0.99772024  867.06432186  1731.94615429           nan           nan           nan           nan           nan 
3.900000   10.75218247    2.25832081   30.27419990   22.98499560   16.63390286   10.34176847   10.36333740    0.99791873  868.28802669  1736.12367804           nan           nan           nan           nan           nan 
4.000000   10.75120272    2.25908315   30.28140956   23.00096416   16.63599268   10.35143456   10.37094051    0.99811917  869.49000709  1740.24603495           nan           nan           nan           nan           nan 
4.100000   10.75013211    2.25947142   30.28837293   23.01642299   16.63515760   10.36105251   10.37847579    0.99832121  870.66940938  1744.29983920           nan           nan           nan           nan           nan 
4.200000   10.74897671    2.25950837   30.29510027   23.03139710   16.63157655   10.37062016   10.38594437    0.99852452  871.82518803  1748.30659320           nan           nan           nan           nan           nan 
4.300000   10.74774206    2.25921500   30.30160159   23.04591012   16.62541572   10.38013560   10.39334756    0.99872881  872.96307064  1752.24369205           nan           nan           nan           nan           nan 
4.400000   10.74643344    2.25861108   30.30788648   23.05998373   16.61683166   10.38959706   10.40068632    0.99893379  874.08117488  1756.12471308           nan           nan           nan           nan           nan 
4.500000   10.74505579    2.25771487   30.31396389   23.07363868   16.60597087   10.39900303   10.40796191    0.99913923  875.18010189  1759.95112595           nan           nan           nan           nan           nan 
4.600000   10.74361384    2.25654352   30.31984234   23.08689427   16.59297032   10.40835208   10.41517538    0.99934487  876.26042308  1763.72433062           nan           nan           nan           nan           nan 
4.700000   10.74211197    2.25511324   30.32552993   23.09976816   16.57795924   10.41764292   10.42232746    0.99955053  877.32268544  1767.44566508           nan           nan           nan           nan           nan 
4.800000   10.74055435    2.25343907   30.33103448   23.11227775   16.56105853   10.42687446   10.42941934    0.99975599  878.36740789  1771.11640225           nan           nan           nan           nan           nan 
4.900000   10.73894489    2.25153530   30.33636332   23.12443900   16.54238255   10.43604571   10.43645185    0.99996108  879.39508895  1774.73776638           nan           nan           nan           nan           nan 
5.000000   10.73728733    2.24941528   30.34152359   23.13626647   16.52203857   10.44515574   10.44342560    1.00016567  880.40620442  1778.31092787           nan           nan           nan           nan           nan 


# dataset 1: optimisation metric
# 1  2  3  4  5  6  7  8  9  
t  metric  metric_raw  dp  pc-gc0-width  pc-pore-length  pc-pore-width  pc-stoma-length  best  
0.000000    5.82864827    0.82864827    5.00000000   -0.03138015   -0.00000003   -0.56304851   -0.01288624  no 
0.100000    5.60410381    0.70410382    4.90000000   -0.02997601    0.00115722   -0.50506773   -0.01238735  no 
0.200000    5.39626257    0.59626258    4.80000000   -0.02893578    0.00223620   -0.44866768   -0.01175731  no 
0.300000    5.20549398    0.50549400    4.69999999   -0.02800638    0.00329378   -0.39623047   -0.01102564  no 
0.400000    5.02979625    0.42979625    4.59999999   -0.02709182    0.00434646   -0.34869208   -0.01022273  no 
0.500000    4.86667589    0.36667589    4.50000000   -0.02616021    0.00538833   -0.30618891   -0.00937706  no 
0.600000    4.71380106    0.31380108    4.39999998   -0.02520572    0.00640463   -0.26844208   -0.00851258  no 
0.700000    4.56920314    0.26920313    4.30000001   -0.02423216    0.00738023   -0.23499454   -0.00764764  no 
0.800000    4.43129652    0.23129653    4.19999999   -0.02324595    0.00830358   -0.20534545   -0.00679517  no 
0.900000    4.29882951    0.19882949    4.10000002   -0.02225334    0.00916740   -0.17901482   -0.00596377  no 
1.000000    4.17082178    0.17082178    4.00000000   -0.02125952    0.00996819   -0.15557147   -0.00515875  no 
1.100000    4.04650617    0.14650619    3.89999998   -0.02026843    0.01070528   -0.13464039   -0.00438307  no 
1.200000    3.92528040    0.12528045    3.79999995   -0.01928300    0.01137993   -0.11590057   -0.00363807  no 
1.300000    3.80667001    0.10666997    3.70000005   -0.01830522    0.01199457   -0.09907929   -0.00292404  no 
1.400000    3.69029997    0.09029995    3.60000002   -0.01733650    0.01255232   -0.08394505   -0.00224055  no 
1.500000    3.57587589    0.07587589    3.50000000   -0.01637771    0.01305660   -0.07030145   -0.00158676  no 
1.600000    3.46317021    0.06317024    3.39999998   -0.01542939    0.01351093   -0.05798099   -0.00096156  no 
1.700000    3.35201629    0.05201634    3.29999995   -0.01449182    0.01391874   -0.04684040   -0.00036371  no 
1.800000    3.24231039    0.04231034    3.20000005   -0.01356511    0.01428335   -0.03675667    0.00020808  no 
1.900000    3.13402374    0.03402371    3.10000002   -0.01264922    0.01460786   -0.02762343    0.00075513  no 
2.000000    3.02723110    0.02723110    3.00000000   -0.01174405    0.01489518   -0.01934837    0.00127871  no 
2.100000    2.92214347    0.02214337    2.90000010   -0.01084941    0.01514802   -0.01185113    0.00178005  no 
2.200000    2.81907262    0.01907267    2.79999995   -0.00996511    0.01536887   -0.00506104    0.00226032  no 
2.300000    2.71817579    0.01817574    2.70000005   -0.00909091    0.01556002    0.00108393    0.00272063  no 
2.400000    2.61911496    0.01911506    2.59999990   -0.00822656    0.01572358    0.00663876    0.00316205  no 
2.500000    2.52119951    0.02119951    2.50000000   -0.00737182    0.01586148    0.01165221    0.00358558  no 
2.600000    2.42381563    0.02381553    2.40000010   -0.00652643    0.01597553    0.01616779    0.00399212  no 
2.700000    2.32658315    0.02658319    2.29999995   -0.00569015    0.01606736    0.02022449    0.00438256  no 
2.800000    2.22929987    0.02929983    2.20000005   -0.00486273    0.01613850    0.02385726    0.00475770  no 
2.900000    2.13186367    0.03186377    2.09999990   -0.00404396    0.01619033    0.02709771    0.00511833  no 
3.000000    2.03422656    0.03422656    2.00000000   -0.00323358    0.01622416    0.02997426    0.00546516  no 
3.100000    1.93636810    0.03636800    1.90000010   -0.00243142    0.01624118    0.03251295    0.00579886  no 
3.200000    1.83828261    0.03828266    1.79999995   -0.00163725    0.01624250    0.03473724    0.00612007  no 
3.300000    1.73997334    0.03997329    1.70000005   -0.00085088    0.01622915    0.03666870    0.00642939  no 
3.400000    1.64144682    0.04144692    1.59999990   -0.00007214    0.01620209    0.03832701    0.00672737  no 
3.500000    1.54271274    0.04271274    1.50000000    0.00069915    0.01616220    0.03973010    0.00701455  no 
3.600000    1.44378135    0.04378125    1.40000010    0.00146317    0.01611032    0.04089472    0.00729142  no 
3.700000    1.34466311    0.04466315    1.29999995    0.00222006    0.01604723    0.04183606    0.00755845  no 
3.800000    1.24536928    0.04536923    1.20000005    0.00296997    0.01597365    0.04256822    0.00781608  no 
3.900000    1.14591003    0.04591012    1.09999990    0.00371307    0.01589026    0.04310430    0.00806473  no 
4.000000    1.04629613    0.04629613    1.00000000    0.00444944    0.01579769    0.04345642    0.00830479  no 
4.100000    0.94653720    0.04653711    0.90000010    0.00517925    0.01569653    0.04363576    0.00853666  no 
4.200000    0.84664285    0.04664266    0.80000019    0.00590260    0.01558737    0.04365283    0.00876066  no 
4.300000    0.74662172    0.04662191    0.69999981    0.00661962    0.01547072    0.04351732    0.00897714  no 
4.400000    0.64648363    0.04648372    0.59999990    0.00733039    0.01534707    0.04323838    0.00918642  no 
4.500000    0.54623653    0.04623653    0.50000000    0.00803505    0.01521691    0.04282442    0.00938878  no 
4.600000    0.44588864    0.04588855    0.40000010    0.00873369    0.01508067    0.04228338    0.00958452  no 
4.700000    0.34544799    0.04544780    0.30000019    0.00942639    0.01493877    0.04162275    0.00977391  no 
4.800000    0.24492189    0.04492208    0.19999981    0.01011325    0.01479161    0.04084945    0.00995720  no 
4.900000    0.14431902    0.04431911    0.09999990    0.01079437    0.01463954    0.03997011    0.01013463  no 
5.000000    0.04364650    0.04364650    0.00000000    0.01146979    0.01448293    0.03899089    0.01030646  BEST-STATE 
