#
# State information.
#
#


# dataset 0: For the stoma (column numbers are in brackets)
# 1  2  3  4  5  6  7  8  9  10  11  12  13  14  15  16  
t  pore-length  pore-width  stoma-length  stoma-width  pore-area  gc0-height  gc0-width  gc0-ar  gc0-surface-area  gc0-volume  gc1-height  gc1-width  gc1-ar  gc1-surface-area  gc1-volume  
0.000000   11.14299965    0.97000003   28.37500000   22.98600006    8.47358164   11.00800037   11.00800002    1.00000003  808.79361388  1648.33774713           nan           nan           nan           nan           nan 
0.100000   11.17243121    1.15649350   28.40107625   23.20591635    9.64304561   11.00525541   11.02471142    0.99823524  814.27348527  1664.79854984           nan           nan           nan           nan           nan 
0.200000   11.19986190    1.33151424   28.43354445   23.40600538   10.79868580   11.00689734   11.03724557    0.99725038  819.62335732  1680.70947617           nan           nan           nan           nan           nan 
0.300000   11.22567139    1.48666370   28.46950089   23.58513963   11.86351096   11.00996489   11.04923797    0.99644563  824.68624127  1695.76801863           nan           nan           nan           nan           nan 
0.400000   11.24962997    1.62077683   28.50659022   23.74384940   12.81286029   11.01372526   11.06153628    0.99567772  829.41213298  1709.83054254           nan           nan           nan           nan           nan 
0.500000   11.27150285    1.73575026   28.54321760   23.88407934   13.64758850   11.01807057   11.07416454    0.99493470  833.78232532  1722.92196945           nan           nan           nan           nan           nan 
0.600000   11.29122011    1.83438194   28.57846017   24.00831556   14.37885228   11.02301827   11.08696681    0.99423210  837.82742010  1735.07563765           nan           nan           nan           nan           nan 
0.700000   11.30886683    1.91938299   28.61188941   24.11897528   15.02022809   11.02857728   11.09979615    0.99358377  841.58803784  1746.43920235           nan           nan           nan           nan           nan 
0.800000   11.32461478    1.99308372   28.64336735   24.21818507   15.58467492   11.03472891   11.11255068    0.99299695  845.10535983  1757.06164845           nan           nan           nan           nan           nan 
0.900000   11.33865958    2.05738854   28.67290878   24.30772305   16.08348498   11.04143584   11.12516725    0.99247369  848.39142541  1767.11220394           nan           nan           nan           nan           nan 
1.000000   11.35119346    2.11382234   28.70060545   24.38904428   16.52609999   11.04865083   11.13761097    0.99201264  851.47553917  1776.64135724           nan           nan           nan           nan           nan 
1.100000   11.36239922    2.16360307   28.72658288   24.46333301   16.92032240   11.05632379   11.14986497    0.99161056  854.40101446  1785.66559987           nan           nan           nan           nan           nan 
1.200000   11.37243719    2.20770907   28.75097457   24.53155649   17.27259731   11.06440539   11.16192371    0.99126331  857.17151892  1794.30271153           nan           nan           nan           nan           nan 
1.300000   11.38144679    2.24693131   28.77391279   24.59450793   17.58825614   11.07284927   11.17378831    0.99096644  859.80699127  1802.57849887           nan           nan           nan           nan           nan 
1.400000   11.38954769    2.28191721   28.79552007   24.65284348   17.87174802   11.08161330   11.18546313    0.99071564  862.32421580  1810.54228334           nan           nan           nan           nan           nan 
1.500000   11.39684254    2.31320047   28.81590882   24.70710981   18.12680294   11.09065947   11.19695467    0.99050678  864.73225481  1818.23448348           nan           nan           nan           nan           nan 
1.600000   11.40341899    2.34122491   28.83518124   24.75776565   18.35657058   11.09995371   11.20827037    0.99033601  867.04698507  1825.65945200           nan           nan           nan           nan           nan 
1.700000   11.40935218    2.36636329   28.85342994   24.80519867   18.56373021   11.10946563   11.21941769    0.99019984  869.27411958  1832.85349679           nan           nan           nan           nan           nan 
1.800000   11.41470709    2.38893080   28.87073630   24.84973967   18.75057623   11.11916802   11.23040444    0.99009507  871.42154566  1839.83641822           nan           nan           nan           nan           nan 
1.900000   11.41953978    2.40919650   28.88717353   24.89167225   18.91908747   11.12903664   11.24123788    0.99001878  873.49951553  1846.60671484           nan           nan           nan           nan           nan 
2.000000   11.42389882    2.42739129   28.90280777   24.93124127   19.07098118   11.13904983   11.25192499    0.98996837  875.50410173  1853.19393468           nan           nan           nan           nan           nan 
2.100000   11.42782664    2.44371498   28.91769797   24.96865964   19.20775688   11.14918821   11.26247233    0.98994145  877.44906203  1859.63977307           nan           nan           nan           nan           nan 
2.200000   11.43136045    2.45834148   28.93189675   25.00411344   19.33073102   11.15943433   11.27288598    0.98993588  879.33628063  1865.93215097           nan           nan           nan           nan           nan 
2.300000   11.43453300    2.47142291   28.94545168   25.03776622   19.44106569   11.16977258   11.28317165    0.98994972  881.16969444  1872.08127781           nan           nan           nan           nan           nan 
2.400000   11.43737310    2.48309338   28.95840603   25.06976247   19.53979170   11.18018889   11.29333454    0.98998120  882.95250552  1878.09421364           nan           nan           nan           nan           nan 
2.500000   11.43990648    2.49347115   28.97079873   25.10023022   19.62782811   11.19067055   11.30337954    0.99002874  884.68842382  1883.98294498           nan           nan           nan           nan           nan 
2.600000   11.44215593    2.50266182   28.98266518   25.12928367   19.70599709   11.20120603   11.31331092    0.99009089  886.38018475  1889.75424820           nan           nan           nan           nan           nan 
2.700000   11.44414198    2.51075912   28.99403757   25.15702510   19.77503790   11.21178493   11.32313299    0.99016632  888.03064625  1895.41863208           nan           nan           nan           nan           nan 
2.800000   11.44588310    2.51784730   29.00494534   25.18354654   19.83561727   11.22239776   11.33284962    0.99025383  889.64066932  1900.96881541           nan           nan           nan           nan           nan 
2.900000   11.44739589    2.52400231   29.01541525   25.20893049   19.88833917   11.23303591   11.34246409    0.99035234  891.21314210  1906.41736807           nan           nan           nan           nan           nan 
3.000000   11.44869539    2.52929246   29.02547222   25.23325205   19.93375171   11.24369150   11.35197979    0.99046085  892.74749101  1911.78041879           nan           nan           nan           nan           nan 
3.100000   11.44979531    2.53377986   29.03513902   25.25657940   19.97235481   11.25435738   11.36139977    0.99057842  894.25007136  1917.03792253           nan           nan           nan           nan           nan 
3.200000   11.45070812    2.53752065   29.04443705   25.27897453   20.00460571   11.26502702   11.37072694    0.99070421  895.72049474  1922.20843986           nan           nan           nan           nan           nan 
3.300000   11.45144531    2.54056633   29.05338508   25.30049372   20.03092258   11.27569434   11.37996370    0.99083746  897.16016670  1927.29533079           nan           nan           nan           nan           nan 
3.400000   11.45201746    2.54296374   29.06200093   25.32118869   20.05169048   11.28635392   11.38911247    0.99097747  898.57001329  1932.29906237           nan           nan           nan           nan           nan 
3.500000   11.45243424    2.54475594   29.07030100   25.34110737   20.06726357   11.29700062   11.39817572    0.99112357  899.95146656  1937.22412947           nan           nan           nan           nan           nan 
3.600000   11.45270473    2.54598236   29.07830054   25.36029339   20.07796935   11.30762985   11.40715551    0.99127516  901.30566469  1942.07335385           nan           nan           nan           nan           nan 
3.700000   11.45283729    2.54667938   29.08601362   25.37878704   20.08411045   11.31823733   11.41605383    0.99143167  902.63366802  1946.84936449           nan           nan           nan           nan           nan 
3.800000   11.45283967    2.54688060   29.09345353   25.39662576   20.08596783   11.32881913   11.42487258    0.99159260  903.93646234  1951.55459702           nan           nan           nan           nan           nan 
3.900000   11.45271909    2.54661715   29.10063279   25.41384363   20.08380209   11.33937165   11.43361324    0.99175750  905.21496969  1956.19132705           nan           nan           nan           nan           nan 
4.000000   11.45248237    2.54591751   29.10756296   25.43047333   20.07785616   11.34989160   11.44227791    0.99192588  906.47005143  1960.76167731           nan           nan           nan           nan           nan 
4.100000   11.45213577    2.54480875   29.11425513   25.44654393   20.06835646   11.36037591   11.45086759    0.99209740  907.70233353  1965.26629109           nan           nan           nan           nan           nan 
4.200000   11.45168528    2.54331541   29.12071943   25.46208382   20.05551442   11.37082180   11.45938420    0.99227163  908.91301347  1969.70982589           nan           nan           nan           nan           nan 
4.300000   11.45113647    2.54146075   29.12696576   25.47711849   20.03952757   11.38122669   11.46782887    0.99244825  910.10248326  1974.09251919           nan           nan           nan           nan           nan 
4.400000   11.45049462    2.53926635   29.13300312   25.49167204   20.02058124   11.39158821   11.47620285    0.99262695  911.27165219  1978.41731038           nan           nan           nan           nan           nan 
4.500000   11.44976470    2.53675222   29.13884008   25.50576735   19.99884874   11.40190423   11.48450756    0.99280741  912.42083499  1982.68337418           nan           nan           nan           nan           nan 
4.600000   11.44895142    2.53393757   29.14448494   25.51942563   19.97449373   11.41217268   11.49274403    0.99298937  913.55079965  1986.89339288           nan           nan           nan           nan           nan 
4.700000   11.44805923    2.53083968   29.14994532   25.53266621   19.94766885   11.42239180   11.50091326    0.99317259  914.65893637  1991.02081291           nan           nan           nan           nan           nan 
4.800000   11.44709235    2.52747548   29.15522850   25.54550838   19.91851881   11.43255988   11.50901645    0.99335681  915.75216664  1995.12295146           nan           nan           nan           nan           nan 
4.900000   11.44605479    2.52386022   29.16034144   25.55796933   19.88717929   11.44267541   11.51705456    0.99354183  916.82781629  1999.17306544           nan           nan           nan           nan           nan 
5.000000   11.44495037    2.52000880   29.16529077   25.57006574   19.85377853   11.45273703   11.52502847    0.99372744  917.88471138  2003.17999403           nan           nan           nan           nan           nan 


# dataset 1: optimisation metric
# 1  2  3  4  5  6  7  8  9  
t  metric  metric_raw  dp  pc-gc0-width  pc-pore-length  pc-pore-width  pc-stoma-length  best  
0.000000    5.95716029    0.95716029    5.00000000   -0.01915709   -0.00000003   -0.61568937   -0.03492960  no 
0.100000    5.68142833    0.78142834    4.90000000   -0.01766805    0.00264123   -0.54180131   -0.03404271  no 
0.200000    5.44064223    0.64064223    4.80000000   -0.01655123    0.00510293   -0.47245870   -0.03293842  no 
0.300000    5.23057177    0.53057178    4.69999999   -0.01548267    0.00741913   -0.41098903   -0.03171550  no 
0.400000    5.04435627    0.44435628    4.59999999   -0.01438686    0.00956923   -0.35785387   -0.03045404  no 
0.500000    4.87598895    0.37598895    4.50000000   -0.01326165    0.01153216   -0.31230180   -0.02920830  no 
0.600000    4.72090348    0.32090351    4.39999998   -0.01212093    0.01330163   -0.27322427   -0.02800965  no 
0.700000    4.57581007    0.27581006    4.30000001   -0.01097780    0.01488529   -0.23954715   -0.02687268  no 
0.800000    4.43835891    0.23835892    4.19999999   -0.00984134    0.01629855   -0.21034718   -0.02580208  no 
0.900000    4.30686367    0.20686364    4.10000002   -0.00871717    0.01755897   -0.18486983   -0.02479733  no 
1.000000    4.18009984    0.18009984    4.00000000   -0.00760840    0.01868379   -0.16251096   -0.02385533  no 
1.100000    4.05716415    0.15716418    3.89999998   -0.00651653    0.01968942   -0.14278801   -0.02297181  no 
1.200000    3.93737880    0.13737885    3.79999995   -0.00544206    0.02059025   -0.12531336   -0.02214222  no 
1.300000    3.82022824    0.12022819    3.70000005   -0.00438490    0.02139880   -0.10977365   -0.02136206  no 
1.400000    3.70531415    0.10531413    3.60000002   -0.00334464    0.02212579   -0.09591236   -0.02062717  no 
1.500000    3.59232701    0.09232701    3.50000000   -0.00232071    0.02278045   -0.08351804   -0.01993372  no 
1.600000    3.48102461    0.08102463    3.39999998   -0.00131245    0.02337064   -0.07241485   -0.01927824  no 
1.700000    3.37121689    0.07121694    3.29999995   -0.00031919    0.02390309   -0.06245512   -0.01865758  no 
1.800000    3.26275511    0.06275506    3.20000005    0.00065976    0.02438366   -0.05351395   -0.01806896  no 
1.900000    3.15552211    0.05552209    3.10000002    0.00162504    0.02481735   -0.04548475   -0.01750991  no 
2.000000    3.04942508    0.04942508    3.00000000    0.00257730    0.02520854   -0.03827603   -0.01697817  no 
2.100000    2.94438670    0.04438660    2.90000010    0.00351709    0.02556104   -0.03180865   -0.01647174  no 
2.200000    2.84033551    0.04033556    2.79999995    0.00444498    0.02587817   -0.02601368   -0.01598882  no 
2.300000    2.73719749    0.03719744    2.70000005    0.00536146    0.02616288   -0.02083086   -0.01552780  no 
2.400000    2.63488577    0.03488587    2.59999990    0.00626700    0.02641776   -0.01620706   -0.01508720  no 
2.500000    2.53329857    0.03329857    2.50000000    0.00716204    0.02664511   -0.01209543   -0.01466571  no 
2.600000    2.43231943    0.03231934    2.40000010    0.00804695    0.02684698   -0.00845411   -0.01426212  no 
2.700000    2.33182600    0.03182605    2.29999995    0.00892212    0.02702522   -0.00524599   -0.01387533  no 
2.800000    2.23170067    0.03170062    2.20000005    0.00978790    0.02718147   -0.00243768   -0.01350434  no 
2.900000    2.13183752    0.03183762    2.09999990    0.01064458    0.02731723    0.00000092   -0.01314825  no 
3.000000    2.03214905    0.03214905    2.00000000    0.01149245    0.02743385    0.00209686   -0.01280620  no 
3.100000    1.93256557    0.03256548    1.90000010    0.01233180    0.02753256    0.00387475   -0.01247742  no 
3.200000    1.83303456    0.03303461    1.79999995    0.01316287    0.02761448    0.00535683   -0.01216118  no 
3.300000    1.73351879    0.03351874    1.70000005    0.01398589    0.02768063    0.00656352   -0.01185684  no 
3.400000    1.63399183    0.03399192    1.59999990    0.01480108    0.02773198    0.00751337   -0.01156381  no 
3.500000    1.53443738    0.03443738    1.50000000    0.01560864    0.02776938    0.00822343   -0.01128151  no 
3.600000    1.43484545    0.03484535    1.40000010    0.01640876    0.02779366    0.00870933   -0.01100944  no 
3.700000    1.33521137    0.03521142    1.29999995    0.01720162    0.02780555    0.00898549   -0.01074711  no 
3.800000    1.23553524    0.03553519    1.20000005    0.01798740    0.02780577    0.00906522   -0.01049406  no 
3.900000    1.13581922    0.03581932    1.09999990    0.01876622    0.02779495    0.00896084   -0.01024989  no 
4.000000    1.03606877    0.03606877    1.00000000    0.01953826    0.02777370    0.00868364   -0.01001418  no 
4.100000    0.93629039    0.03629030    0.90000010    0.02030363    0.02774260    0.00824435   -0.00978657  no 
4.200000    0.83649215    0.03649196    0.80000019    0.02106248    0.02770217    0.00765270   -0.00956672  no 
4.300000    0.73668264    0.03668283    0.69999981    0.02181492    0.02765292    0.00691789   -0.00935427  no 
4.400000    0.63687261    0.03687270    0.59999990    0.02256107    0.02759532    0.00604847   -0.00914893  no 
4.500000    0.53707186    0.03707186    0.50000000    0.02330104    0.02752981    0.00505239   -0.00895041  no 
4.600000    0.43729095    0.03729085    0.40000010    0.02403493    0.02745683    0.00393723   -0.00875842  no 
4.700000    0.33754045    0.03754026    0.30000019    0.02476283    0.02737676    0.00270986   -0.00857271  no 
4.800000    0.23783037    0.03783056    0.19999981    0.02548485    0.02728999    0.00137697   -0.00839302  no 
4.900000    0.13817175    0.03817185    0.09999990    0.02620107    0.02719688   -0.00005538   -0.00821912  no 
5.000000    0.03857370    0.03857370    0.00000000    0.02691156    0.02709776   -0.00158130   -0.00805079  BEST-STATE 
