#
# State information.
#
#


# dataset 0: For the stoma (column numbers are in brackets)
# 1  2  3  4  5  6  7  8  9  10  11  12  13  14  15  16  
t  pore-length  pore-width  stoma-length  stoma-width  pore-area  gc0-height  gc0-width  gc0-ar  gc0-surface-area  gc0-volume  gc1-height  gc1-width  gc1-ar  gc1-surface-area  gc1-volume  
0.000000   11.49300003    1.42499995   30.41900063   21.44899940   12.84322540   10.01200008   10.01199973    1.00000004  810.14520230  1536.31905193           nan           nan           nan           nan           nan 
0.100000   11.49814749    1.49788255   30.42637542   21.54107412   13.29072942   10.01442128   10.02159578    0.99928410  812.46021757  1543.44854582           nan           nan           nan           nan           nan 
0.200000   11.50293147    1.56961946   30.43524611   21.62831357   13.74560781   10.01860336   10.02934705    0.99892877  814.78973434  1550.47275007           nan           nan           nan           nan           nan 
0.300000   11.50760339    1.63760564   30.44538917   21.71014068   14.18762977   10.02366899   10.03626752    0.99874470  817.06701996  1557.35061518           nan           nan           nan           nan           nan 
0.400000   11.51225917    1.70044824   30.45651113   21.78617230   14.60467894   10.02918221   10.04286203    0.99863786  819.27125108  1564.00329748           nan           nan           nan           nan           nan 
0.500000   11.51689241    1.75761610   30.46829259   21.85634214   14.99070943   10.03493566   10.04936302    0.99856435  821.39557545  1570.42093695           nan           nan           nan           nan           nan 
0.600000   11.52144539    1.80912790   30.48043483   21.92085165   15.34378256   10.04083697   10.05586188    0.99850586  823.43262981  1576.58350279           nan           nan           nan           nan           nan 
0.700000   11.52584684    1.85530737   30.49268808   21.98006970   15.66443238   10.04684851   10.06238116    0.99845636  825.37567316  1582.50081864           nan           nan           nan           nan           nan 
0.800000   11.53003309    1.89661717   30.50486000   22.03444391   15.95450650   10.05295632   10.06891337    0.99841522  827.23754822  1588.13765863           nan           nan           nan           nan           nan 
0.900000   11.53395638    1.93355966   30.51681122   22.08444095   16.21643465   10.05915493   10.07544065    0.99838362  829.01027045  1593.54362459           nan           nan           nan           nan           nan 
1.000000   11.53758603    1.96662259   30.52844659   22.13050985   16.45280029   10.06544072   10.08194363    0.99836312  830.70503926  1598.74026046           nan           nan           nan           nan           nan 
1.100000   11.54090607    1.99625415   30.53970517   22.17306501   16.66611414   10.07180941   10.08840543    0.99835494  832.32615305  1603.73267539           nan           nan           nan           nan           nan 
1.200000   11.54391195    2.02285397   30.55055131   22.21247894   16.85870679   10.07825536   10.09481248    0.99835984  833.87959418  1608.54285908           nan           nan           nan           nan           nan 
1.300000   11.54660731    2.04677224   30.56096749   22.24908209   17.03268764   10.08477168   10.10115492    0.99837808  835.36084040  1613.19836665           nan           nan           nan           nan           nan 
1.400000   11.54900135    2.06831366   30.57094882   22.28316522   17.18993973   10.09135056   10.10742578    0.99840956  836.79190756  1617.66721163           nan           nan           nan           nan           nan 
1.500000   11.55110674    2.08774209   30.58049910   22.31498313   17.33213177   10.09798376   10.11362052    0.99845389  838.16775783  1621.98589922           nan           nan           nan           nan           nan 
1.600000   11.55293820    2.10528588   30.58962782   22.34475911   17.46073738   10.10466281   10.11973661    0.99851045  839.49365411  1626.16720218           nan           nan           nan           nan           nan 
1.700000   11.55451140    2.12114298   30.59834814   22.37268865   17.57705711   10.11137938   10.12577283    0.99857853  840.77356374  1630.22148130           nan           nan           nan           nan           nan 
1.800000   11.55584231    2.13548529   30.60667543   22.39894360   17.68223945   10.11812540   10.13172916    0.99865731  842.00997163  1634.15645866           nan           nan           nan           nan           nan 
1.900000   11.55694670    2.14846271   30.61462624   22.42367500   17.77730020   10.12489317   10.13760614    0.99874596  843.20578089  1637.97999938           nan           nan           nan           nan           nan 
2.000000   11.55783987    2.16020614   30.62221764   22.44701630   17.86314021   10.13167546   10.14340508    0.99884362  844.36211641  1641.68437820           nan           nan           nan           nan           nan 
2.100000   11.55853640    2.17083061   30.62946682   22.46908545   17.94056033   10.13846554   10.14912742    0.99894948  845.48434963  1645.30554101           nan           nan           nan           nan           nan 
2.200000   11.55905018    2.18043745   30.63639054   22.48998725   18.01027471   10.14525719   10.15477490    0.99906274  846.57313284  1648.83444733           nan           nan           nan           nan           nan 
2.300000   11.55939427    2.18911612   30.64300503   22.50981534   18.07292185   10.15204464   10.16034961    0.99918261  847.63042033  1652.27629620           nan           nan           nan           nan           nan 
2.400000   11.55958091    2.19694620   30.64932606   22.52865291   18.12907468   10.15882269   10.16585335    0.99930840  848.65557193  1655.62574143           nan           nan           nan           nan           nan 
2.500000   11.55962154    2.20399851   30.65536863   22.54657483   18.17924872   10.16558650   10.17128816    0.99943944  849.65578809  1658.91439258           nan           nan           nan           nan           nan 
2.600000   11.55952686    2.21033633   30.66114704   22.56364846   18.22390900   10.17233177   10.17665607    0.99957508  850.62867344  1662.12175428           nan           nan           nan           nan           nan 
2.700000   11.55930683    2.21601647   30.66667485   22.57993448   18.26347641   10.17905451   10.18195900    0.99971474  851.57632014  1665.25857755           nan           nan           nan           nan           nan 
2.800000   11.55897073    2.22109002   30.67196485   22.59548783   18.29833255   10.18575121   10.18719891    0.99985789  852.49998345  1668.32815802           nan           nan           nan           nan           nan 
2.900000   11.55852719    2.22560316   30.67702916   22.61035800   18.32882494   10.19241862   10.19237742    1.00000404  853.40082138  1671.33352877           nan           nan           nan           nan           nan 
3.000000   11.55798426    2.22959763   30.68187931   22.62459064   18.35527015   10.19905387   10.19749650    1.00015272  854.27990421  1674.27749134           nan           nan           nan           nan           nan 
3.100000   11.55734942    2.23311138   30.68652606   22.63822663   18.37795773   10.20565437   10.20255762    1.00030353  855.13822368  1677.16263671           nan           nan           nan           nan           nan 
3.200000   11.55662964    2.23617887   30.69097969   22.65130389   18.39715286   10.21221781   10.20756251    1.00045606  855.97670073  1679.99137086           nan           nan           nan           nan           nan 
3.300000   11.55583140    2.23883170   30.69524977   22.66385674   18.41309893   10.21874213   10.21251252    1.00061000  856.79619275  1682.76593099           nan           nan           nan           nan           nan 
3.400000   11.55496075    2.24109864   30.69934547   22.67591715   18.42601980   10.22522549   10.21740925    1.00076499  857.59397687  1685.50344331           nan           nan           nan           nan           nan 
3.500000   11.55402335    2.24300611   30.70327529   22.68751383   18.43612174   10.23166628   10.22225386    1.00092078  858.37783552  1688.17581597           nan           nan           nan           nan           nan 
3.600000   11.55302445    2.24457836   30.70704740   22.69867396   18.44359534   10.23806307   10.22704780    1.00107707  859.14495569  1690.79987542           nan           nan           nan           nan           nan 
3.700000   11.55196895    2.24583781   30.71066943   22.70942211   18.44861662   10.24441460   10.23179215    1.00123365  859.89954256  1693.36218217           nan           nan           nan           nan           nan 
3.800000   11.55086145    2.24680501   30.71414858   22.71978128   18.45134852   10.25071979   10.23648813    1.00139029  860.63512299  1695.89461715           nan           nan           nan           nan           nan 
3.900000   11.54970623    2.24749905   30.71749169   22.72977269   18.45194242   10.25697771   10.24113682    1.00154679  861.35581782  1698.38358150           nan           nan           nan           nan           nan 
4.000000   11.54850729    2.24793756   30.72070521   22.73941600   18.45053877   10.26318753   10.24573922    1.00170298  862.06217433  1700.83050838           nan           nan           nan           nan           nan 
4.100000   11.54726836    2.24813688   30.72379521   22.74872959   18.44726821   10.26934856   10.25029635    1.00185870  862.75283514  1703.21852898           nan           nan           nan           nan           nan 
4.200000   11.54599296    2.24811220   30.72676751   22.75773036   18.44225236   10.27546024   10.25480908    1.00201380  863.43203887  1705.58538092           nan           nan           nan           nan           nan 
4.300000   11.54468434    2.24787766   30.72962758   22.76643419   18.43560463   10.28152213   10.25927827    1.00216817  864.09894103  1707.91488946           nan           nan           nan           nan           nan 
4.400000   11.54334557    2.24744636   30.73238054   22.77485609   18.42743075   10.28753379   10.26370487    1.00232167  864.75283996  1710.20652203           nan           nan           nan           nan           nan 
4.500000   11.54197952    2.24683058   30.73503134   22.78300977   18.41782959   10.29349497   10.26808959    1.00247421  865.39550922  1712.46338460           nan           nan           nan           nan           nan 
4.600000   11.54058886    2.24604183   30.73758462   22.79090810   18.40689363   10.29940543   10.27243313    1.00262570  866.02576986  1714.68419419           nan           nan           nan           nan           nan 
4.700000   11.53917612    2.24509072   30.74004483   22.79856348   18.39470921   10.30526507   10.27673638    1.00277605  866.64478580  1716.87111285           nan           nan           nan           nan           nan 
4.800000   11.53774364    2.24398726   30.74241611   22.80598700   18.38135739   10.31107378   10.28099987    1.00292519  867.25524945  1719.03493974           nan           nan           nan           nan           nan 
4.900000   11.53629361    2.24274093   30.74470246   22.81318963   18.36691410   10.31683153   10.28522435    1.00307307  867.85358231  1721.16414493           nan           nan           nan           nan           nan 
5.000000   11.53482812    2.24136043   30.74690765   22.82018137   18.35145061   10.32253838   10.28941047    1.00321961  868.44094701  1723.25493073           nan           nan           nan           nan           nan 


# dataset 1: optimisation metric
# 1  2  3  4  5  6  7  8  9  
t  metric  metric_raw  dp  pc-gc0-width  pc-pore-length  pc-pore-width  pc-stoma-length  best  
0.000000    5.43640725    0.43640725    5.00000000   -0.04356136    0.00000000   -0.35197819    0.01620233  no 
0.100000    5.28676017    0.38676017    4.90000000   -0.04264465    0.00044788   -0.31883467    0.01644870  no 
0.200000    5.14028263    0.34028264    4.80000000   -0.04190418    0.00086413   -0.28621216    0.01674504  no 
0.300000    4.99824544    0.29824545    4.69999999   -0.04124307    0.00127063   -0.25529530    0.01708389  no 
0.400000    4.86101194    0.26101195    4.59999999   -0.04061310    0.00167573   -0.22671749    0.01745544  no 
0.500000    4.72842705    0.22842705    4.50000000   -0.03999207    0.00207887   -0.20072028    0.01784902  no 
0.600000    4.60008330    0.20008333    4.39999998   -0.03937124    0.00247502   -0.17729518    0.01825465  no 
0.700000    4.47548692    0.17548691    4.30000001   -0.03874846    0.00285799   -0.15629497    0.01866400  no 
0.800000    4.35414813    0.15414814    4.19999999   -0.03812444    0.00322223   -0.13750924    0.01907062  no 
0.900000    4.23562328    0.13562326    4.10000002   -0.03750089    0.00356359   -0.12070957    0.01946987  no 
1.000000    4.11952925    0.11952925    4.00000000   -0.03687967    0.00387941   -0.10567413    0.01985858  no 
1.100000    4.00554441    0.10554444    3.89999998   -0.03626238    0.00416828   -0.09219912    0.02023469  no 
1.200000    3.89340296    0.09340300    3.79999995   -0.03565032    0.00442982   -0.08010279    0.02059702  no 
1.300000    3.78288761    0.08288757    3.70000005   -0.03504443    0.00466434   -0.06922590    0.02094500  no 
1.400000    3.67382100    0.07382098    3.60000002   -0.03444538    0.00487265   -0.05942990    0.02127844  no 
1.500000    3.56605872    0.06605872    3.50000000   -0.03385360    0.00505584   -0.05059477    0.02159748  no 
1.600000    3.45948134    0.05948137    3.39999998   -0.03326933    0.00521519   -0.04261670    0.02190245  no 
1.700000    3.35398705    0.05398710    3.29999995   -0.03269270    0.00535208   -0.03540565    0.02219376  no 
1.800000    3.24948435    0.04948431    3.20000005   -0.03212370    0.00546788   -0.02888345    0.02247195  no 
1.900000    3.14588458    0.04588455    3.10000002   -0.03156227    0.00556397   -0.02298194    0.02273756  no 
2.000000    3.04309698    0.04309698    3.00000000   -0.03100830    0.00564168   -0.01764159    0.02299117  no 
2.100000    2.94102516    0.04102506    2.90000010   -0.03046165    0.00570229   -0.01281009    0.02323334  no 
2.200000    2.83956667    0.03956671    2.79999995   -0.02992215    0.00574699   -0.00844136    0.02346464  no 
2.300000    2.73861759    0.03861754    2.70000005   -0.02938961    0.00577693   -0.00449472    0.02368561  no 
2.400000    2.63807567    0.03807577    2.59999990   -0.02886384    0.00579317   -0.00093397    0.02389677  no 
2.500000    2.53784725    0.03784725    2.50000000   -0.02834465    0.00579671    0.00227308    0.02409864  no 
2.600000    2.43784917    0.03784908    2.40000010   -0.02783186    0.00578847    0.00515522    0.02429168  no 
2.700000    2.33801130    0.03801134    2.29999995   -0.02732528    0.00576932    0.00773828    0.02447634  no 
2.800000    2.23827723    0.03827718    2.20000005   -0.02682471    0.00574008    0.01004548    0.02465307  no 
2.900000    2.13860164    0.03860174    2.09999990   -0.02633001    0.00570149    0.01209785    0.02482225  no 
3.000000    2.03895046    0.03895046    2.00000000   -0.02584099    0.00565425    0.01391434    0.02498428  no 
3.100000    1.93929747    0.03929738    1.90000010   -0.02535751    0.00559901    0.01551222    0.02513951  no 
3.200000    1.83962333    0.03962337    1.79999995   -0.02487939    0.00553638    0.01690717    0.02528829  no 
3.300000    1.73991482    0.03991478    1.70000005   -0.02440652    0.00546693    0.01811355    0.02543094  no 
3.400000    1.64016198    0.04016207    1.59999990   -0.02393874    0.00539117    0.01914445    0.02556776  no 
3.500000    1.54035901    0.04035901    1.50000000   -0.02347594    0.00530961    0.02001187    0.02569905  no 
3.600000    1.44050187    0.04050177    1.40000010   -0.02301798    0.00522270    0.02072686    0.02582506  no 
3.700000    1.34058841    0.04058846    1.29999995   -0.02256475    0.00513086    0.02129959    0.02594606  no 
3.800000    1.24061861    0.04061856    1.20000005   -0.02211615    0.00503450    0.02173943    0.02606229  no 
3.900000    1.14059256    0.04059266    1.09999990   -0.02167207    0.00493398    0.02205505    0.02617397  no 
4.000000    1.04051213    0.04051213    1.00000000   -0.02123240    0.00482966    0.02225446    0.02628133  no 
4.100000    0.94037905    0.04037896    0.90000010   -0.02079706    0.00472186    0.02234510    0.02638455  no 
4.200000    0.84019581    0.04019562    0.80000019   -0.02036596    0.00461089    0.02233388    0.02648385  no 
4.300000    0.73996470    0.03996490    0.69999981   -0.01993903    0.00449703    0.02222722    0.02657939  no 
4.400000    0.63968974    0.03968984    0.59999990   -0.01951616    0.00438054    0.02203109    0.02667136  no 
4.500000    0.53937371    0.03937371    0.50000000   -0.01909729    0.00426168    0.02175106    0.02675992  no 
4.600000    0.43902003    0.03901993    0.40000010   -0.01868235    0.00414068    0.02139238    0.02684521  no 
4.700000    0.33863220    0.03863201    0.30000019   -0.01827127    0.00401776    0.02095986    0.02692740  no 
4.800000    0.23821340    0.03821359    0.19999981   -0.01786398    0.00389312    0.02045805    0.02700662  no 
4.900000    0.13776830    0.03776839    0.09999990   -0.01746042    0.00376696    0.01989128    0.02708300  no 
5.000000    0.03730020    0.03730020    0.00000000   -0.01706052    0.00363944    0.01926350    0.02715667  BEST-STATE 
