#
# State information.
#
#


# dataset 0: For the stoma (column numbers are in brackets)
# 1  2  3  4  5  6  7  8  9  10  11  12  13  14  15  16  
t  pore-length  pore-width  stoma-length  stoma-width  pore-area  gc0-height  gc0-width  gc0-ar  gc0-surface-area  gc0-volume  gc1-height  gc1-width  gc1-ar  gc1-surface-area  gc1-volume  
0.000000    9.37899971    0.90799999   29.89900017   20.68400002    6.67685686    9.88799953    9.88800001    0.99999995  800.04970134  1496.04463650           nan           nan           nan           nan           nan 
0.100000    9.38590493    1.00670177   29.91316424   20.80885389    7.19270746    9.88880629    9.90107606    0.99876076  803.24624994  1505.81342522           nan           nan           nan           nan           nan 
0.200000    9.39223972    1.10309106   29.93000067   20.92594253    7.71211267    9.89219161    9.91142573    0.99805940  806.42936233  1515.44570318           nan           nan           nan           nan           nan 
0.300000    9.39843083    1.19372994   29.94902977   21.03515995    8.21282784    9.89680177    9.92071500    0.99758957  809.55377813  1524.89900955           nan           nan           nan           nan           nan 
0.400000    9.40465156    1.27700254   29.96971432   21.13637370    8.68273738    9.90204800    9.92968558    0.99721667  812.60526980  1534.09760938           nan           nan           nan           nan           nan 
0.500000    9.41090739    1.35244375   29.99150227   21.22972548    9.11646812    9.90768296    9.93864086    0.99688510  815.54089074  1543.02083580           nan           nan           nan           nan           nan 
0.600000    9.41711757    1.42026341   30.01388948   21.31561828    9.51287577    9.91361138    9.94767743    0.99657548  818.38588474  1551.61316892           nan           nan           nan           nan           nan 
0.700000    9.42317582    1.48101556   30.03645824   21.39461601    9.87321303    9.91980167    9.95680022    0.99628409  821.12311924  1559.89638704           nan           nan           nan           nan           nan 
0.800000    9.42898510    1.53538924   30.05888793   21.46734720   10.19991458    9.92624529    9.96597898    0.99601307  823.74297745  1567.88287205           nan           nan           nan           nan           nan 
0.900000    9.43447179    1.58409113   30.08094595   21.53444034   10.49587116    9.93293896    9.97517461    0.99576592  826.27006574  1575.57153517           nan           nan           nan           nan           nan 
1.000000    9.43958749    1.62778622   30.10247327   21.59648776   10.76402869    9.93987778    9.98435077    0.99554573  828.70067856  1582.95708231           nan           nan           nan           nan           nan 
1.100000    9.44430585    1.66707295   30.12336752   21.65402812   11.00718255    9.94705346    9.99347758    0.99535456  831.02401903  1590.12657689           nan           nan           nan           nan           nan 
1.200000    9.44861756    1.70247710   30.14356871   21.70754147   11.22788938    9.95445444   10.00253218    0.99519344  833.26494636  1597.04335634           nan           nan           nan           nan           nan 
1.300000    9.45252550    1.73445457   30.16304657   21.75745106   11.42844061    9.96206672   10.01149824    0.99506253  835.43198666  1603.72522958           nan           nan           nan           nan           nan 
1.400000    9.45604068    1.76339853   30.18179166   21.80412734   11.61086780    9.96987473   10.02036440    0.99496129  837.51204829  1610.23245526           nan           nan           nan           nan           nan 
1.500000    9.45917917    1.78964728   30.19980928   21.84789455   11.77696262    9.97786217   10.02912363    0.99488874  839.53164974  1616.50883461           nan           nan           nan           nan           nan 
1.600000    9.46195995    1.81349212   30.21711427   21.88903570   11.92830199    9.98601258   10.03777179    0.99484356  841.48463935  1622.62593464           nan           nan           nan           nan           nan 
1.700000    9.46440335    1.83518440   30.23372754   21.92779875   12.06627393    9.99430978   10.04630718    0.99482423  843.37979939  1628.56658211           nan           nan           nan           nan           nan 
1.800000    9.46653009    1.85494167   30.24967366   21.96440077   12.19210179   10.00273813   10.05472955    0.99482916  845.21932808  1634.36065677           nan           nan           nan           nan           nan 
1.900000    9.46836059    1.87295312   30.26497927   21.99903309   12.30686642   10.01128276   10.06303999    0.99485670  847.00608113  1640.01028868           nan           nan           nan           nan           nan 
2.000000    9.46991453    1.88938355   30.27967194   22.03186417   12.41152547   10.01992960   10.07124031    0.99490523  848.73869388  1645.53073526           nan           nan           nan           nan           nan 
2.100000    9.47121069    1.90437752   30.29377913   22.06304336   12.50692963   10.02866548   10.07933292    0.99497314  850.42849317  1650.91860457           nan           nan           nan           nan           nan 
2.200000    9.47226680    1.91806209   30.30732805   22.09270298   12.59383740   10.03747813   10.08732045    0.99505891  852.07393265  1656.18665855           nan           nan           nan           nan           nan 
2.300000    9.47309943    1.93054950   30.32034540   22.12096119   12.67292721   10.04635614   10.09520584    0.99516110  853.67542077  1661.34883425           nan           nan           nan           nan           nan 
2.400000    9.47372407    1.94193935   30.33285660   22.14792359   12.74480788   10.05528897   10.10299212    0.99527831  855.23915076  1666.39616825           nan           nan           nan           nan           nan 
2.500000    9.47415528    1.95232022   30.34488535   22.17368484   12.81002688   10.06426679   10.11068231    0.99540926  856.76517308  1671.34124230           nan           nan           nan           nan           nan 
2.600000    9.47440652    1.96177125   30.35645452   22.19833016   12.86907868   10.07328059   10.11827946    0.99555272  858.25468766  1676.19217647           nan           nan           nan           nan           nan 
2.700000    9.47449027    1.97036338   30.36758611   22.22193635   12.92241120   10.08232206   10.12578648    0.99570755  859.70701106  1680.95127768           nan           nan           nan           nan           nan 
2.800000    9.47441814    1.97816074   30.37830082   22.24457312   12.97043141   10.09138353   10.13320619    0.99587271  861.12996638  1685.61262145           nan           nan           nan           nan           nan 
2.900000    9.47420088    1.98522091   30.38861844   22.26630366   13.01350994   10.10045798   10.14054137    0.99604721  862.52255463  1690.19666584           nan           nan           nan           nan           nan 
3.000000    9.47384847    1.99159610   30.39855778   22.28718531   13.05198518   10.10953890   10.14779460    0.99623015  863.88912992  1694.68040035           nan           nan           nan           nan           nan 
3.100000    9.47337020    1.99733400   30.40813643   22.30727065   13.08616677   10.11862037   10.15496832    0.99642067  865.22297890  1699.10033675           nan           nan           nan           nan           nan 
3.200000    9.47277480    2.00247777   30.41737056   22.32660782   13.11633892   10.12769684   10.16206503    0.99661799  866.52939852  1703.44454147           nan           nan           nan           nan           nan 
3.300000    9.47207035    2.00706685   30.42627579   22.34524059   13.14276293   10.13676330   10.16908687    0.99682139  867.80869827  1707.70805370           nan           nan           nan           nan           nan 
3.400000    9.47126434    2.01113749   30.43486702   22.36320972   13.16567970   10.14581513   10.17603612    0.99703018  869.06341076  1711.90881149           nan           nan           nan           nan           nan 
3.500000    9.47036379    2.01472294   30.44315821   22.38055217   13.18531187   10.15484810   10.18291461    0.99724376  870.29423839  1716.04682758           nan           nan           nan           nan           nan 
3.600000    9.46937522    2.01785386   30.45116276   22.39730263   13.20186530   10.16385826   10.18972439    0.99746155  871.50100084  1720.11366089           nan           nan           nan           nan           nan 
3.700000    9.46830475    2.02055824   30.45889312   22.41349268   13.21553104   10.17284209   10.19646722    0.99768301  872.68505641  1724.11673395           nan           nan           nan           nan           nan 
3.800000    9.46715811    2.02286232   30.46636128   22.42915189   13.22648623   10.18179631   10.20314479    0.99790766  873.84660012  1728.05878460           nan           nan           nan           nan           nan 
3.900000    9.46594063    2.02479029   30.47357857   22.44430768   13.23489592   10.19071794   10.20975870    0.99813504  874.99016894  1731.96131990           nan           nan           nan           nan           nan 
4.000000    9.46465731    2.02636445   30.48055571   22.45898545   13.24091362   10.19960418   10.21631050    0.99836474  876.11060233  1735.78444500           nan           nan           nan           nan           nan 
4.100000    9.46331288    2.02760565   30.48730278   22.47320879   13.24468280   10.20845261   10.22280157    0.99859638  877.21008309  1739.53995182           nan           nan           nan           nan           nan 
4.200000    9.46191179    2.02853322   30.49382943   22.48699999   13.24633713   10.21726090   10.22923338    0.99882958  878.29146367  1743.25160277           nan           nan           nan           nan           nan 
4.300000    9.46045817    2.02916527   30.50014478   22.50037944   13.24600198   10.22602695   10.23560709    0.99906404  879.35422109  1746.90979285           nan           nan           nan           nan           nan 
4.400000    9.45895591    2.02951872   30.50625759   22.51336670   13.24379456   10.23474893   10.24192399    0.99929944  880.40320967  1750.55233743           nan           nan           nan           nan           nan 
4.500000    9.45740870    2.02960932   30.51217616   22.52597988   13.23982499   10.24342504   10.24818528    0.99953550  881.43037440  1754.10774467           nan           nan           nan           nan           nan 
4.600000    9.45581997    2.02945185   30.51790839   22.53823566   13.23419629   10.25205380   10.25439191    0.99977199  882.44052765  1757.61375679           nan           nan           nan           nan           nan 
4.700000    9.45419297    2.02906013   30.52346188   22.55015028   13.22700558   10.26063377   10.26054507    1.00000864  883.43415779  1761.07160854           nan           nan           nan           nan           nan 
4.800000    9.45253070    2.02844739   30.52884400   22.56173861   13.21834425   10.26916367   10.26664561    1.00024527  884.41173140  1764.48247602           nan           nan           nan           nan           nan 
4.900000    9.45083611    2.02762568   30.53406137   22.57301474   13.20829803   10.27764237   10.27269453    1.00048165  885.37369544  1767.84750050           nan           nan           nan           nan           nan 
5.000000    9.44911191    2.02660656   30.53912050   22.58399200   13.19694748   10.28606889   10.27869272    1.00071762  886.32047780  1771.16777210           nan           nan           nan           nan           nan 


# dataset 1: optimisation metric
# 1  2  3  4  5  6  7  8  9  
t  metric  metric_raw  dp  pc-gc0-width  pc-pore-length  pc-pore-width  pc-stoma-length  best  
0.000000    5.77934691    0.77934691    5.00000000   -0.05096458   -0.00000003   -0.54048583    0.00248115  no 
0.100000    5.57632674    0.67632674    4.90000000   -0.04970956    0.00073621   -0.49053554    0.00295605  no 
0.200000    5.38510598    0.58510599    4.80000000   -0.04871622    0.00141163   -0.44175554    0.00352056  no 
0.300000    5.20638998    0.50639000    4.69999999   -0.04782465    0.00207174   -0.39588566    0.00415858  no 
0.400000    5.03923627    0.43923627    4.59999999   -0.04696366    0.00273500   -0.35374365    0.00485211  no 
0.500000    4.88214376    0.38214376    4.50000000   -0.04610415    0.00340200   -0.31556490    0.00558264  no 
0.600000    4.73354546    0.33354548    4.39999998   -0.04523683    0.00406414   -0.28124321    0.00633326  no 
0.700000    4.59201825    0.29201823    4.30000001   -0.04436124    0.00471008   -0.25049820    0.00708997  no 
0.800000    4.45635131    0.25635132    4.19999999   -0.04348028    0.00532947   -0.22298115    0.00784201  no 
0.900000    4.32554821    0.22554819    4.10000002   -0.04259770    0.00591447   -0.19833445    0.00858159  no 
1.000000    4.19880204    0.19880204    4.00000000   -0.04171698    0.00645991   -0.17622155    0.00930338  no 
1.100000    4.07546442    0.17546445    3.89999998   -0.04084100    0.00696299   -0.15633960    0.01000394  no 
1.200000    3.95501521    0.15501526    3.79999995   -0.03997196    0.00742271   -0.13842252    0.01068126  no 
1.300000    3.83703698    0.13703693    3.70000005   -0.03911141    0.00783937   -0.12223959    0.01133434  no 
1.400000    3.72119364    0.12119362    3.60000002   -0.03826045    0.00821417   -0.10759184    0.01196284  no 
1.500000    3.60721485    0.10721485    3.50000000   -0.03741975    0.00854880   -0.09430806    0.01256695  no 
1.600000    3.49488288    0.09488291    3.39999998   -0.03658971    0.00884529   -0.08224083    0.01314717  no 
1.700000    3.38402299    0.08402303    3.29999995   -0.03577050    0.00910581   -0.07126296    0.01370419  no 
1.800000    3.27449586    0.07449581    3.20000005   -0.03496213    0.00933256   -0.06126434    0.01423885  no 
1.900000    3.16619093    0.06619091    3.10000002   -0.03416451    0.00952773   -0.05214923    0.01475203  no 
2.000000    3.05902175    0.05902175    3.00000000   -0.03337745    0.00969341   -0.04383423    0.01524466  no 
2.100000    2.95291986    0.05291977    2.90000010   -0.03260074    0.00983161   -0.03624619    0.01571766  no 
2.200000    2.84782809    0.04782814    2.79999995   -0.03183411    0.00994422   -0.02932080    0.01617194  no 
2.300000    2.74369406    0.04369402    2.70000005   -0.03107728    0.01003299   -0.02300126    0.01660840  no 
2.400000    2.64045973    0.04045982    2.59999990   -0.03032996    0.01009959   -0.01723717    0.01702788  no 
2.500000    2.53805515    0.03805515    2.50000000   -0.02959187    0.01014557   -0.01198370    0.01743119  no 
2.600000    2.43639196    0.03639186    2.40000010   -0.02886271    0.01017236   -0.00720078    0.01781910  no 
2.700000    2.33536481    0.03536486    2.29999995   -0.02814219    0.01018128   -0.00285254    0.01819233  no 
2.800000    2.23485855    0.03485851    2.20000005   -0.02743006    0.01017359    0.00109349    0.01855158  no 
2.900000    2.13475624    0.03475633    2.09999990   -0.02672604    0.01015043    0.00466645    0.01889752  no 
3.000000    2.03495010    0.03495010    2.00000000   -0.02602989    0.01011286    0.00789276    0.01923077  no 
3.100000    1.93534599    0.03534589    1.90000010   -0.02534136    0.01006186    0.01079656    0.01955193  no 
3.200000    1.83586649    0.03586653    1.79999995   -0.02466023    0.00999838    0.01339968    0.01986154  no 
3.300000    1.73645131    0.03645126    1.70000005   -0.02398629    0.00992327    0.01572209    0.02016013  no 
3.400000    1.63705371    0.03705381    1.59999990   -0.02331931    0.00983733    0.01778213    0.02044818  no 
3.500000    1.53763995    0.03763995    1.50000000   -0.02265912    0.00974131    0.01959663    0.02072618  no 
3.600000    1.43818507    0.03818498    1.40000010   -0.02200553    0.00963591    0.02118110    0.02099456  no 
3.700000    1.33867147    0.03867152    1.29999995   -0.02135836    0.00952178    0.02254972    0.02125375  no 
3.800000    1.23908794    0.03908790    1.20000005   -0.02071746    0.00939952    0.02371575    0.02150415  no 
3.900000    1.13942657    0.03942666    1.09999990   -0.02008267    0.00926971    0.02469144    0.02174614  no 
4.000000    1.03968348    0.03968348    1.00000000   -0.01945383    0.00913288    0.02548808    0.02198007  no 
4.100000    0.93985652    0.03985643    0.90000010   -0.01883083    0.00898954    0.02611622    0.02220630  no 
4.200000    0.83994551    0.03994532    0.80000019   -0.01821352    0.00884015    0.02658564    0.02242513  no 
4.300000    0.73995115    0.03995134    0.69999981   -0.01760178    0.00868517    0.02690550    0.02263687  no 
4.400000    0.63987655    0.03987665    0.59999990   -0.01699549    0.00852499    0.02708437    0.02284183  no 
4.500000    0.53972412    0.03972412    0.50000000   -0.01639454    0.00836003    0.02713022    0.02304027  no 
4.600000    0.43949733    0.03949724    0.40000010   -0.01579884    0.00819064    0.02705053    0.02323247  no 
4.700000    0.33920008    0.03919989    0.30000019   -0.01520827    0.00801716    0.02685229    0.02341867  no 
4.800000    0.23883624    0.03883643    0.19999981   -0.01462275    0.00783993    0.02654220    0.02359913  no 
4.900000    0.13841125    0.03841134    0.09999990   -0.01404218    0.00765925    0.02612636    0.02377406  no 
5.000000    0.03792947    0.03792947    0.00000000   -0.01346648    0.00747541    0.02561061    0.02394369  BEST-STATE 
