#
# State information.
#
#


# dataset 0: For the stoma (column numbers are in brackets)
# 1  2  3  4  5  6  7  8  9  10  11  12  13  14  15  16  
t  pore-length  pore-width  stoma-length  stoma-width  pore-area  gc0-height  gc0-width  gc0-ar  gc0-surface-area  gc0-volume  gc1-height  gc1-width  gc1-ar  gc1-surface-area  gc1-volume  
0.000000   11.49300003    1.42499995   30.41900063   21.44899940   12.84322540   10.01200008   10.01199973    1.00000004  810.14520230  1536.31905193           nan           nan           nan           nan           nan 
0.100000   11.49714954    1.49567129   30.42608709   21.53990465   13.27316884   10.01650302   10.02211668    0.99943987  812.53759584  1543.76383354           nan           nan           nan           nan           nan 
0.200000   11.50094228    1.56519239   30.43469004   21.62608849   13.71048181   10.02269741   10.03044805    0.99922729  814.94756758  1551.11550176           nan           nan           nan           nan           nan 
0.300000   11.50463354    1.63090743   30.44457445   21.70692879   14.13453207   10.02970708   10.03801068    0.99917278  817.30783287  1558.32565347           nan           nan           nan           nan           nan 
0.400000   11.50831966    1.69141227   30.45543413   21.78200120   14.53307079   10.03710714   10.04529446    0.99918496  819.59843396  1565.33912999           nan           nan           nan           nan           nan 
0.500000   11.51199350    1.74617979   30.46693916   21.85121027   14.90003452   10.04469908   10.05251524    0.99922247  821.79822424  1572.06857794           nan           nan           nan           nan           nan 
0.600000   11.51559675    1.79523912   30.47878304   21.91474041   15.23352380   10.05239534   10.05975065    0.99926884  823.91530068  1578.55413410           nan           nan           nan           nan           nan 
0.700000   11.51905743    1.83892763   30.49071094   21.97295409   15.53415140   10.06015988   10.06701323    0.99931923  825.93311968  1584.79876441           nan           nan           nan           nan           nan 
0.800000   11.52231147    1.87772208   30.50252751   22.02629930   15.80386050   10.06797846   10.07428861    0.99937364  827.86791512  1590.74795844           nan           nan           nan           nan           nan 
0.900000   11.52531108    1.91213757   30.51409285   22.07524556   16.04517695   10.07584462   10.08155400    0.99943368  829.71019181  1596.45625278           nan           nan           nan           nan           nan 
1.000000   11.52802585    1.94267285   30.52531271   22.12024683   16.26077536   10.08375351   10.08878699    0.99950108  831.47102138  1601.94452569           nan           nan           nan           nan           nan 
1.100000   11.53044037    1.96978533   30.53612799   22.16172224   16.45324908   10.09169967   10.09596846    0.99957718  833.15530948  1607.22397675           nan           nan           nan           nan           nan 
1.200000   11.53255078    1.99388200   30.54650544   22.20004928   16.62500189   10.09967653   10.10308364    0.99966277  834.76713647  1612.29729810           nan           nan           nan           nan           nan 
1.300000   11.53436154    2.01531923   30.55643018   22.23556286   16.77820681   10.10767646   10.11012182    0.99975813  836.31227408  1617.18539545           nan           nan           nan           nan           nan 
1.400000   11.53588270    2.03440642   30.56590012   22.26855755   16.91480195   10.11569130   10.11707556    0.99986318  837.78722746  1621.92746351           nan           nan           nan           nan           nan 
1.500000   11.53712784    2.05141127   30.57492173   22.29929155   17.03650298   10.12371262   10.12394014    0.99997753  839.21303111  1626.48416401           nan           nan           nan           nan           nan 
1.600000   11.53811254    2.06656510   30.58350711   22.32799095   17.14482417   10.13173206   10.13071293    1.00010060  840.58540209  1630.89238836           nan           nan           nan           nan           nan 
1.700000   11.53885334    2.08006835   30.59167188   22.35485381   17.24110049   10.13974155   10.13739273    1.00023170  841.90801379  1635.16214656           nan           nan           nan           nan           nan 
1.800000   11.53936704    2.09209478   30.59943369   22.38005388   17.32650996   10.14773348   10.14397955    1.00037006  843.18419918  1639.30246827           nan           nan           nan           nan           nan 
1.900000   11.53967015    2.10279572   30.60681124   22.40374392   17.40209338   10.15570076   10.15047410    1.00051492  844.41549415  1643.30682615           nan           nan           nan           nan           nan 
2.000000   11.53977868    2.11230338   30.61382352   22.42605871   17.46877316   10.16363689   10.15687767    1.00066548  845.60761643  1647.21191951           nan           nan           nan           nan           nan 
2.100000   11.53970787    2.12073356   30.62048942   22.44711739   17.52736798   10.17153594   10.16319191    1.00082100  846.76156928  1651.00973997           nan           nan           nan           nan           nan 
2.200000   11.53947216    2.12818831   30.62682739   22.46702576   17.57860737   10.17939258   10.16941872    1.00098077  847.87962085  1654.70633220           nan           nan           nan           nan           nan 
2.300000   11.53908512    2.13475770   30.63285524   22.48587787   17.62314256   10.18720204   10.17556009    1.00114411  848.96456094  1658.31429705           nan           nan           nan           nan           nan 
2.400000   11.53855941    2.14052171   30.63859001   22.50375783   17.66155702   10.19496007   10.18161806    1.00131040  850.01683725  1661.82444342           nan           nan           nan           nan           nan 
2.500000   11.53790687    2.14555126   30.64404801   22.52074099   17.69437467   10.20266296   10.18759486    1.00147906  851.03890473  1665.24846337           nan           nan           nan           nan           nan 
2.600000   11.53713847    2.14990997   30.64924459   22.53689480   17.72206752   10.21030739   10.19349241    1.00164958  852.03235522  1668.59056563           nan           nan           nan           nan           nan 
2.700000   11.53626441    2.15365469   30.65419437   22.55228031   17.74506156   10.21789055   10.19931281    1.00182147  852.99865465  1671.85462604           nan           nan           nan           nan           nan 
2.800000   11.53529415    2.15683651   30.65891109   22.56695247   17.76374256   10.22540995   10.20505798    1.00199430  853.93915586  1675.04421917           nan           nan           nan           nan           nan 
2.900000   11.53423644    2.15950149   30.66340774   22.58096123   17.77846034   10.23286350   10.21072987    1.00216768  854.85511063  1678.16265208           nan           nan           nan           nan           nan 
3.000000   11.53309940    2.16169131   30.66769651   22.59435177   17.78953318   10.24024940   10.21633023    1.00234127  855.74767954  1681.21299334           nan           nan           nan           nan           nan 
3.100000   11.53189052    2.16344362   30.67178884   22.60716546   17.79725097   10.24756613   10.22186092    1.00251473  856.61794094  1684.19809426           nan           nan           nan           nan           nan 
3.200000   11.53061675    2.16479278   30.67569557   22.61943972   17.80187835   10.25481251   10.22732347    1.00268780  857.46689901  1687.12061503           nan           nan           nan           nan           nan 
3.300000   11.52928449    2.16576999   30.67942679   22.63120890   17.80365749   10.26198751   10.23271945    1.00286024  858.29549070  1689.98303851           nan           nan           nan           nan           nan 
3.400000   11.52789969    2.16640377   30.68299204   22.64250481   17.80281011   10.26909035   10.23805052    1.00303181  859.10459189  1692.78769029           nan           nan           nan           nan           nan 
3.500000   11.52646784    2.16672009   30.68640026   22.65335608   17.79953990   10.27612045   10.24331799    1.00320233  859.89502254  1695.53675200           nan           nan           nan           nan           nan 
3.600000   11.52499401    2.16674292   30.68965992   22.66378951   17.79403388   10.28307739   10.24852329    1.00337162  860.66755198  1698.23227445           nan           nan           nan           nan           nan 
3.700000   11.52348289    2.16649413   30.69277889   22.67382967   17.78646440   10.28996092   10.25366777    1.00353953  861.42290308  1700.87618775           nan           nan           nan           nan           nan 
3.800000   11.52193882    2.16599393   30.69576466   22.68349898   17.77699004   10.29677090   10.25875252    1.00370595  862.15989479  1703.45223669           nan           nan           nan           nan           nan 
3.900000   11.52036581    2.16526091   30.69862425   22.69281876   17.76575730   10.30350736   10.26377892    1.00387074  862.88289272  1705.99830494           nan           nan           nan           nan           nan 
4.000000   11.51876756    2.16431212   30.70136422   22.70180809   17.75290161   10.31017035   10.26874799    1.00403383  863.59063814  1708.49793407           nan           nan           nan           nan           nan 
4.100000   11.51714751    2.16316342   30.70399085   22.71048522   17.73854802   10.31676015   10.27366090    1.00419512  864.28370267  1710.95266860           nan           nan           nan           nan           nan 
4.200000   11.51550881    2.16182947   30.70650998   22.71886671   17.72281239   10.32327706   10.27851862    1.00435456  864.96262660  1713.36397107           nan           nan           nan           nan           nan 
4.300000   11.51385439    2.16032380   30.70892715   22.72696829   17.70580201   10.32972139   10.28332224    1.00451208  865.62792256  1715.73323451           nan           nan           nan           nan           nan 
4.400000   11.51218695    2.15865898   30.71124753   22.73480439   17.68761654   10.33609363   10.28807271    1.00466763  866.28007578  1718.06178127           nan           nan           nan           nan           nan 
4.500000   11.51050898    2.15684670   30.71347609   22.74238861   17.66834828   10.34239429   10.29277095    1.00482118  866.91954749  1720.35087340           nan           nan           nan           nan           nan 
4.600000   11.50882279    2.15489781   30.71561742   22.74973357   17.64808311   10.34862393   10.29741788    1.00497271  867.54752143  1722.60892991           nan           nan           nan           nan           nan 
4.700000   11.50713051    2.15282232   30.71767595   22.75685108   17.62690075   10.35478315   10.30201438    1.00512218  868.16292244  1724.82266333           nan           nan           nan           nan           nan 
4.800000   11.50543408    2.15062970   30.71965581   22.76375210   17.60487542   10.36087257   10.30656120    1.00526959  868.76689374  1727.00039049           nan           nan           nan           nan           nan 
4.900000   11.50373532    2.14832866   30.72156090   22.77044725   17.58207608   10.36689287   10.31105930    1.00541492  869.35981275  1729.14315772           nan           nan           nan           nan           nan 
5.000000   11.50203589    2.14592731   30.72339490   22.77694607   17.55856710   10.37284482   10.31550938    1.00555818  869.94204057  1731.25197020           nan           nan           nan           nan           nan 


# dataset 1: optimisation metric
# 1  2  3  4  5  6  7  8  9  
t  metric  metric_raw  dp  pc-gc0-width  pc-pore-length  pc-pore-width  pc-stoma-length  best  
0.000000    5.43640725    0.43640725    5.00000000   -0.04356136    0.00000000   -0.35197819    0.01620233  no 
0.100000    5.28822050    0.38822050    4.90000000   -0.04259489    0.00036105   -0.31984025    0.01643907  no 
0.200000    5.14306651    0.34306651    4.80000000   -0.04179900    0.00069105   -0.28822538    0.01672647  no 
0.300000    5.00227030    0.30227031    4.69999999   -0.04107655    0.00101223   -0.25834132    0.01705667  no 
0.400000    4.86622011    0.26622011    4.59999999   -0.04038074    0.00133296   -0.23082662    0.01741946  no 
0.500000    4.73477220    0.23477220    4.50000000   -0.03969094    0.00165261   -0.20592097    0.01780381  no 
0.600000    4.60752261    0.20752264    4.39999998   -0.03899975    0.00196613   -0.18361113    0.01819947  no 
0.700000    4.48397534    0.18397533    4.30000001   -0.03830596    0.00226724   -0.16374369    0.01859795  no 
0.800000    4.36363451    0.16363452    4.19999999   -0.03761095    0.00255038   -0.14610183    0.01899270  no 
0.900000    4.24604770    0.14604768    4.10000002   -0.03691689    0.00281137   -0.13045131    0.01937906  no 
1.000000    4.13082051    0.13082051    4.00000000   -0.03622593    0.00304758   -0.11656533    0.01975388  no 
1.100000    4.01761753    0.11761756    3.89999998   -0.03553989    0.00325767   -0.10423587    0.02011519  no 
1.200000    3.90615666    0.10615671    3.79999995   -0.03486018    0.00344129   -0.09327785    0.02046186  no 
1.300000    3.79620154    0.09620149    3.70000005   -0.03418783    0.00359885   -0.08352923    0.02079342  no 
1.400000    3.68755336    0.08755333    3.60000002   -0.03352354    0.00373120   -0.07484928    0.02110978  no 
1.500000    3.58004458    0.08004458    3.50000000   -0.03286777    0.00383954   -0.06711629    0.02141116  no 
1.600000    3.47353252    0.07353255    3.39999998   -0.03222078    0.00392522   -0.06022506    0.02169797  no 
1.700000    3.36789439    0.06789444    3.29999995   -0.03158266    0.00398968   -0.05408442    0.02197073  no 
1.800000    3.26302361    0.06302356    3.20000005   -0.03095342    0.00403437   -0.04861538    0.02223003  no 
1.900000    3.15882608    0.05882605    3.10000002   -0.03033301    0.00406075   -0.04374910    0.02247649  no 
2.000000    3.05521860    0.05521860    3.00000000   -0.02972128    0.00407019   -0.03942548    0.02271075  no 
2.100000    2.95212679    0.05212669    2.90000010   -0.02911808    0.00406403   -0.03559183    0.02293343  no 
2.200000    2.84948335    0.04948340    2.79999995   -0.02852324    0.00404352   -0.03220177    0.02314517  no 
2.300000    2.74722865    0.04722860    2.70000005   -0.02793656    0.00400984   -0.02921433    0.02334654  no 
2.400000    2.64530834    0.04530844    2.59999990   -0.02735785    0.00396410   -0.02659313    0.02353812  no 
2.500000    2.54367507    0.04367507    2.50000000   -0.02678689    0.00390732   -0.02430593    0.02372045  no 
2.600000    2.44228635    0.04228626    2.40000010   -0.02622350    0.00384047   -0.02232380    0.02389405  no 
2.700000    2.34110520    0.04110525    2.29999995   -0.02566748    0.00376441   -0.02062088    0.02405941  no 
2.800000    2.24010048    0.04010043    2.20000005   -0.02511865    0.00367999   -0.01917394    0.02421698  no 
2.900000    2.13924490    0.03924499    2.09999990   -0.02457682    0.00358796   -0.01796203    0.02436720  no 
3.000000    2.03851655    0.03851655    2.00000000   -0.02404182    0.00348903   -0.01696621    0.02451047  no 
3.100000    1.93789683    0.03789673    1.90000010   -0.02351348    0.00338384   -0.01616934    0.02464719  no 
3.200000    1.83737067    0.03737072    1.79999995   -0.02299164    0.00327301   -0.01555581    0.02477770  no 
3.300000    1.73692687    0.03692683    1.70000005   -0.02247617    0.00315709   -0.01511142    0.02490234  no 
3.400000    1.63655594    0.03655604    1.59999990   -0.02196690    0.00303660   -0.01482321    0.02502145  no 
3.500000    1.53625167    0.03625167    1.50000000   -0.02146370    0.00291202   -0.01467936    0.02513531  no 
3.600000    1.43600900    0.03600891    1.40000010   -0.02096644    0.00278378   -0.01466898    0.02524420  no 
3.700000    1.33582450    0.03582455    1.29999995   -0.02047499    0.00265230   -0.01478211    0.02534840  no 
3.800000    1.23569668    0.03569664    1.20000005   -0.01998925    0.00251795   -0.01500958    0.02544814  no 
3.900000    1.13562410    0.03562419    1.09999990   -0.01950908    0.00238108   -0.01534292    0.02554367  no 
4.000000    1.03560703    0.03560703    1.00000000   -0.01903439    0.00224202   -0.01577439    0.02563520  no 
4.100000    0.93564553    0.03564543    0.90000010   -0.01856507    0.00210106   -0.01629676    0.02572295  no 
4.200000    0.83574025    0.03574006    0.80000019   -0.01810101    0.00195848   -0.01690338    0.02580711  no 
4.300000    0.73589155    0.03589174    0.69999981   -0.01764212    0.00181453   -0.01758809    0.02588786  no 
4.400000    0.63610124    0.03610134    0.59999990   -0.01718832    0.00166945   -0.01834517    0.02596537  no 
4.500000    0.53636965    0.03636965    0.50000000   -0.01673950    0.00152345   -0.01916930    0.02603982  no 
4.600000    0.43669739    0.03669730    0.40000010   -0.01629558    0.00137673   -0.02005557    0.02611136  no 
4.700000    0.33708490    0.03708471    0.30000019   -0.01585648    0.00122949   -0.02099940    0.02618013  no 
4.800000    0.23753181    0.03753200    0.19999981   -0.01542212    0.00108188   -0.02199650    0.02624627  no 
4.900000    0.13803889    0.03803898    0.09999990   -0.01499242    0.00093407   -0.02304290    0.02630991  no 
5.000000    0.03860519    0.03860519    0.00000000   -0.01456731    0.00078621   -0.02413492    0.02637118  BEST-STATE 
