#
# State information.
#
#


# dataset 0: For the stoma (column numbers are in brackets)
# 1  2  3  4  5  6  7  8  9  10  11  12  13  14  15  16  
t  pore-length  pore-width  stoma-length  stoma-width  pore-area  gc0-height  gc0-width  gc0-ar  gc0-surface-area  gc0-volume  gc1-height  gc1-width  gc1-ar  gc1-surface-area  gc1-volume  
0.000000   11.49300003    1.42499995   30.41900063   21.44899940   12.84322540   10.01200008   10.01199973    1.00000004  810.14520230  1536.31905193           nan           nan           nan           nan           nan 
0.100000   11.49872503    1.50610281   30.42726859   21.55105815   13.34240073   10.01470000   10.02247767    0.99922398  812.71326781  1544.21463746           nan           nan           nan           nan           nan 
0.200000   11.50403976    1.58551167   30.43735194   21.64718321   13.84839996   10.01943787   10.03083577    0.99886371  815.29172068  1551.97966113           nan           nan           nan           nan           nan 
0.300000   11.50925287    1.66002598   30.44893735   21.73668200   14.33599917   10.02512988   10.03832801    0.99868523  817.80170225  1559.55797339           nan           nan           nan           nan           nan 
0.400000   11.51445987    1.72809574   30.46162403   21.81915665   14.79114826   10.03127719   10.04553045    0.99858113  820.22171694  1566.85805372           nan           nan           nan           nan           nan 
0.500000   11.51962776    1.78927627   30.47499351   21.89463899   15.20771651   10.03766246   10.05268136    0.99850598  822.54265119  1573.86262378           nan           nan           nan           nan           nan 
0.600000   11.52466960    1.84377360   30.48867342   21.96348864   15.58456708   10.04419877   10.05985752    0.99844344  824.75371851  1580.57724947           nan           nan           nan           nan           nan 
0.700000   11.52949339    1.89211476   30.50236883   22.02624404   15.92331348   10.05085547   10.06706464    0.99838988  826.86444280  1586.95600593           nan           nan           nan           nan           nan 
0.800000   11.53402525    1.93494362   30.51586473   22.08350801   16.22685733   10.05762266   10.07428220    0.99834633  828.86709258  1593.04998666           nan           nan           nan           nan           nan 
0.900000   11.53821569    1.97290951   30.52901475   22.13587695   16.49853615   10.06449597   10.08148372    0.99831495  830.77397498  1598.88468968           nan           nan           nan           nan           nan 
1.000000   11.54203768    2.00661457   30.54172608   22.18390441   16.74167257   10.07147074   10.08864492    0.99829767  832.59089805  1604.46995616           nan           nan           nan           nan           nan 
1.100000   11.54548175    2.03659374   30.55394509   22.22808689   16.95936393   10.07854042   10.09574658    0.99829570  834.31711749  1609.85843837           nan           nan           nan           nan           nan 
1.200000   11.54855097    2.06331211   30.56564566   22.26886094   17.15440158   10.08569651   10.10277441    0.99830958  835.97467680  1615.00453594           nan           nan           nan           nan           nan 
1.300000   11.55125670    2.08716941   30.57682037   22.30660707   17.32925662   10.09292913   10.10971883    0.99833925  837.56095659  1619.95644467           nan           nan           nan           nan           nan 
1.400000   11.55361535    2.10850787   30.58747418   22.34165514   17.48609732   10.10022767   10.11657363    0.99838424  839.08289156  1624.73167488           nan           nan           nan           nan           nan 
1.500000   11.55564616    2.12761998   30.59762003   22.37429076   17.62681862   10.10758126   10.12333539    0.99844378  840.54592730  1629.34474053           nan           nan           nan           nan           nan 
1.600000   11.55736958    2.14475644   30.60727565   22.40476167   17.75307562   10.11497918   10.13000262    0.99851694  841.95385295  1633.80698408           nan           nan           nan           nan           nan 
1.700000   11.55880634    2.16013253   30.61646168   22.43328303   17.86631551   10.12241112   10.13657525    0.99860267  843.31072199  1638.12942496           nan           nan           nan           nan           nan 
1.800000   11.55997675    2.17393398   30.62519999   22.46004248   17.96780634   10.12986732   10.14305425    0.99869991  844.61866588  1642.30706251           nan           nan           nan           nan           nan 
1.900000   11.56090032    2.18632156   30.63351297   22.48520386   18.05866262   10.13733868   10.14944115    0.99880757  845.88393960  1646.37824275           nan           nan           nan           nan           nan 
2.000000   11.56159557    2.19743508   30.64142279   22.50891137   18.13986715   10.14481680   10.15573815    0.99892461  847.10553921  1650.32589853           nan           nan           nan           nan           nan 
2.100000   11.56207988    2.20739686   30.64895119   22.53129160   18.21228964   10.15229397   10.16194737    0.99905004  848.29096191  1654.17722374           nan           nan           nan           nan           nan 
2.200000   11.56236953    2.21631408   30.65611874   22.55245697   18.27670210   10.15976316   10.16807145    0.99918290  849.44087370  1657.93557362           nan           nan           nan           nan           nan 
2.300000   11.56247967    2.22428131   30.66294535   22.57250679   18.33379284   10.16721798   10.17411274    0.99932232  850.55597083  1661.59228653           nan           nan           nan           nan           nan 
2.400000   11.56242435    2.23138219   30.66944981   22.59152985   18.38417704   10.17465270   10.18007383    0.99946748  851.63548258  1665.17442588           nan           nan           nan           nan           nan 
2.500000   11.56221659    2.23769110   30.67565000   22.60960555   18.42840675   10.18206210   10.18595722    0.99961760  852.68808159  1668.65722609           nan           nan           nan           nan           nan 
2.600000   11.56186845    2.24327433   30.68156257   22.62680483   18.46697881   10.18944156   10.19176525    0.99977200  853.71195452  1672.05963032           nan           nan           nan           nan           nan 
2.700000   11.56139112    2.24819124   30.68720332   22.64319170   18.50034152   10.19678690   10.19750023    0.99993005  854.70721332  1675.37976676           nan           nan           nan           nan           nan 
2.800000   11.56079493    2.25249523   30.69258702   22.65882385   18.52890110   10.20409438   10.20316431    1.00009116  855.67798612  1678.63275343           nan           nan           nan           nan           nan 
2.900000   11.56008945    2.25623429   30.69772768   22.67375374   18.55302596   10.21136072   10.20875973    1.00025478  856.62415212  1681.81610013           nan           nan           nan           nan           nan 
3.000000   11.55928352    2.25945193   30.70263836   22.68802857   18.57305166   10.21858299   10.21428832    1.00042046  857.54687620  1684.93284305           nan           nan           nan           nan           nan 
3.100000   11.55838537    2.26218754   30.70733139   22.70169163   18.58928422   10.22575857   10.21975204    1.00058774  858.44723703  1687.98578888           nan           nan           nan           nan           nan 
3.200000   11.55740261    2.26447695   30.71181825   22.71478224   18.60200345   10.23288521   10.22515264    1.00075623  859.32623626  1690.97754618           nan           nan           nan           nan           nan 
3.300000   11.55634229    2.26635277   30.71610981   22.72733641   18.61146584   10.23996091   10.23049182    1.00092558  860.18480469  1693.91053808           nan           nan           nan           nan           nan 
3.400000   11.55521097    2.26784486   30.72021630   22.73938715   18.61790681   10.24698390   10.23577115    1.00109545  861.02357842  1696.78775640           nan           nan           nan           nan           nan 
3.500000   11.55401472    2.26898050   30.72414726   22.75096488   18.62154296   10.25395270   10.24099219    1.00126555  861.84383938  1699.60984964           nan           nan           nan           nan           nan 
3.600000   11.55275921    2.26978481   30.72791171   22.76209724   18.62257393   10.26086600   10.24615622    1.00143564  862.64423306  1702.36128315           nan           nan           nan           nan           nan 
3.700000   11.55144968    2.27028090   30.73151812   22.77281010   18.62118399   10.26772270   10.25126460    1.00160547  863.43058448  1705.08614931           nan           nan           nan           nan           nan 
3.800000   11.55009102    2.27048987   30.73497450   22.78312731   18.61754335   10.27452186   10.25631872    1.00177482  864.19897395  1707.75651403           nan           nan           nan           nan           nan 
3.900000   11.54868779    2.27043146   30.73828837   22.79307067   18.61180974   10.28126270   10.26131961    1.00194352  864.95138714  1710.37973782           nan           nan           nan           nan           nan 
4.000000   11.54724421    2.27012378   30.74146679   22.80266070   18.60412943   10.28794461   10.26626846    1.00211140  865.68841873  1712.95737992           nan           nan           nan           nan           nan 
4.100000   11.54576422    2.26958358   30.74451649   22.81191623   18.59463814   10.29456708   10.27116632    1.00227830  866.41063038  1715.49091532           nan           nan           nan           nan           nan 
4.200000   11.54425151    2.26882643   30.74744374   22.82085490   18.58346183   10.30112970   10.27601424    1.00244409  867.11910817  1717.98256783           nan           nan           nan           nan           nan 
4.300000   11.54270948    2.26786691   30.75025457   22.82949317   18.57071798   10.30763224   10.28081313    1.00260866  867.81399319  1720.43927934           nan           nan           nan           nan           nan 
4.400000   11.54114132    2.26671833   30.75295454   22.83784616   18.55651563   10.31407449   10.28556392    1.00277190  868.49558520  1722.84973784           nan           nan           nan           nan           nan 
4.500000   11.53955001    2.26539332   30.75554904   22.84592831   18.54095684   10.32045636   10.29026750    1.00293373  869.16720635  1725.20453435           nan           nan           nan           nan           nan 
4.600000   11.53793831    2.26390350   30.75804308   22.85375285   18.52413660   10.32677782   10.29492468    1.00309406  869.82275052  1727.53712270           nan           nan           nan           nan           nan 
4.700000   11.53630880    2.26225984   30.76044148   22.86133230   18.50614365   10.33303896   10.29953623    1.00325284  870.46627533  1729.83302007           nan           nan           nan           nan           nan 
4.800000   11.53466389    2.26047248   30.76274872   22.86867845   18.48706091   10.33923990   10.30410299    1.00340999  871.09817123  1732.09327176           nan           nan           nan           nan           nan 
4.900000   11.53300581    2.25855094   30.76496908   22.87580216   18.46696577   10.34538078   10.30862561    1.00356548  871.72112255  1734.32867212           nan           nan           nan           nan           nan 
5.000000   11.53133666    2.25650418   30.76710665   22.88271379   18.44593100   10.35146186   10.31310481    1.00371925  872.33085520  1736.52057264           nan           nan           nan           nan           nan 


# dataset 1: optimisation metric
# 1  2  3  4  5  6  7  8  9  
t  metric  metric_raw  dp  pc-gc0-width  pc-pore-length  pc-pore-width  pc-stoma-length  best  
0.000000    5.43640725    0.43640725    5.00000000   -0.04356136    0.00000000   -0.35197819    0.01620233  no 
0.100000    5.28131886    0.38131886    4.90000000   -0.04256041    0.00049813   -0.31509649    0.01647854  no 
0.200000    5.13028818    0.33028818    4.80000000   -0.04176196    0.00096056   -0.27898514    0.01681539  no 
0.300000    4.98479083    0.28479084    4.69999999   -0.04104624    0.00141415   -0.24509960    0.01720242  no 
0.400000    4.84510905    0.24510906    4.59999999   -0.04035819    0.00186721   -0.21414473    0.01762625  no 
0.500000    4.71090289    0.21090289    4.50000000   -0.03967507    0.00231687   -0.18632275    0.01807288  no 
0.600000    4.58157273    0.18157276    4.39999998   -0.03898954    0.00275556   -0.16153997    0.01852988  no 
0.700000    4.45646539    0.15646538    4.30000001   -0.03830105    0.00317527   -0.13955673    0.01898740  no 
0.800000    4.33497312    0.13497313    4.19999999   -0.03761156    0.00356959   -0.12008021    0.01943826  no 
0.900000    4.21657225    0.11657222    4.10000002   -0.03692360    0.00393419   -0.10281514    0.01987756  no 
1.000000    4.10083007    0.10083007    4.00000000   -0.03623950    0.00426674   -0.08748769    0.02030220  no 
1.100000    3.98739914    0.08739916    3.89999998   -0.03556108    0.00456641   -0.07385460    0.02071040  no 
1.200000    3.87600590    0.07600595    3.79999995   -0.03488972    0.00483346   -0.06170436    0.02110128  no 
1.300000    3.76643835    0.06643831    3.70000005   -0.03422633    0.00506889   -0.05085520    0.02147459  no 
1.400000    3.65853196    0.05853194    3.60000002   -0.03357149    0.00527411   -0.04115149    0.02183050  no 
1.500000    3.55215523    0.05215523    3.50000000   -0.03292555    0.00545081   -0.03246022    0.02216944  no 
1.600000    3.44719125    0.04719128    3.39999998   -0.03228863    0.00560076   -0.02466738    0.02249200  no 
1.700000    3.34351877    0.04351882    3.29999995   -0.03166075    0.00572578   -0.01767507    0.02279888  no 
1.800000    3.24099645    0.04099640    3.20000005   -0.03104182    0.00582761   -0.01139883    0.02309080  no 
1.900000    3.13945639    0.03945637    3.10000002   -0.03043168    0.00590797   -0.00576555    0.02336851  no 
2.000000    3.03871218    0.03871218    3.00000000   -0.02983014    0.00596847   -0.00071165    0.02363275  no 
2.100000    2.93857524    0.03857514    2.90000010   -0.02923697    0.00601060    0.00381849    0.02388425  no 
2.200000    2.83887190    0.03887195    2.79999995   -0.02865194    0.00603581    0.00787361    0.02412370  no 
2.300000    2.73945622    0.03945617    2.70000005   -0.02807482    0.00604539    0.01149673    0.02435175  no 
2.400000    2.64021179    0.04021189    2.59999990   -0.02750537    0.00604058    0.01472587    0.02456905  no 
2.500000    2.54105188    0.04105188    2.50000000   -0.02694333    0.00602250    0.01759486    0.02477617  no 
2.600000    2.44191301    0.04191292    2.40000010   -0.02638849    0.00599221    0.02013385    0.02497369  no 
2.700000    2.34275055    0.04275060    2.29999995   -0.02584064    0.00595068    0.02236982    0.02516213  no 
2.800000    2.24353476    0.04353471    2.20000005   -0.02529955    0.00589880    0.02432707    0.02534199  no 
2.900000    2.14424527    0.04424537    2.09999990   -0.02476502    0.00583742    0.02602742    0.02551372  no 
3.000000    2.04487021    0.04487021    2.00000000   -0.02423688    0.00576730    0.02749064    0.02567777  no 
3.100000    1.94540230    0.04540220    1.90000010   -0.02371494    0.00568915    0.02873467    0.02583455  no 
3.200000    1.84583806    0.04583811    1.79999995   -0.02319902    0.00560364    0.02977579    0.02598444  no 
3.300000    1.74617737    0.04617732    1.70000005   -0.02268897    0.00551138    0.03062882    0.02612781  no 
3.400000    1.64642105    0.04642115    1.59999990   -0.02218464    0.00541294    0.03130735    0.02626499  no 
3.500000    1.54657213    0.04657213    1.50000000   -0.02168588    0.00530886    0.03182378    0.02639631  no 
3.600000    1.44663382    0.04663372    1.40000010   -0.02119257    0.00519962    0.03218954    0.02652207  no 
3.700000    1.34660992    0.04660997    1.29999995   -0.02070457    0.00508568    0.03241514    0.02664255  no 
3.800000    1.24650527    0.04650522    1.20000005   -0.02022175    0.00496746    0.03251017    0.02675802  no 
3.900000    1.14632405    0.04632415    1.09999990   -0.01974402    0.00484537    0.03248361    0.02686872  no 
4.000000    1.04607150    0.04607150    1.00000000   -0.01927126    0.00471976    0.03234369    0.02697490  no 
4.100000    0.94575218    0.04575209    0.90000010   -0.01880337    0.00459099    0.03209804    0.02707679  no 
4.200000    0.84537091    0.04537072    0.80000019   -0.01834025    0.00445937    0.03175372    0.02717458  no 
4.300000    0.74493207    0.04493226    0.69999981   -0.01788182    0.00432520    0.03131738    0.02726848  no 
4.400000    0.64444133    0.04444142    0.59999990   -0.01742798    0.00418875    0.03079506    0.02735867  no 
4.500000    0.54390299    0.04390299    0.50000000   -0.01697865    0.00405029    0.03019250    0.02744535  no 
4.600000    0.44332173    0.04332163    0.40000010   -0.01653375    0.00391006    0.02951501    0.02752867  no 
4.700000    0.34270224    0.04270205    0.30000019   -0.01609321    0.00376828    0.02876755    0.02760879  no 
4.800000    0.24204868    0.04204887    0.19999981   -0.01565696    0.00362515    0.02795474    0.02768587  no 
4.900000    0.14136664    0.04136674    0.09999990   -0.01522491    0.00348088    0.02708092    0.02776004  no 
5.000000    0.04066031    0.04066031    0.00000000   -0.01479702    0.00333565    0.02615015    0.02783145  BEST-STATE 
