#
# State information.
#
#


# dataset 0: For the stoma (column numbers are in brackets)
# 1  2  3  4  5  6  7  8  9  10  11  12  13  14  15  16  
t  pore-length  pore-width  stoma-length  stoma-width  pore-area  gc0-height  gc0-width  gc0-ar  gc0-surface-area  gc0-volume  gc1-height  gc1-width  gc1-ar  gc1-surface-area  gc1-volume  
0.000000   17.00000000    2.00000000   45.00000000   32.00000000   26.66142133   15.00000000   15.00000000    1.00000000  1682.89731753  4633.88931046   15.00000000   15.00000000    1.00000000  1682.89731753  4633.88931046 
0.100000   16.97379336    1.99729491   44.98839770   32.06196408   26.42942191   15.09367790   15.03233459    1.00408076  1691.52992502  4680.52881433   15.09367790   15.03233459    1.00408076  1691.52992502  4680.52881433 
0.200000   16.94851121    1.98564641   44.97675658   32.13383386   26.10736258   15.17936978   15.07409372    1.00698391  1700.33991199  4728.23899707   15.17936978   15.07409372    1.00698391  1700.33991199  4728.23899707 
0.300000   16.92358945    1.96825583   44.96511896   32.21238114   25.72835071   15.26105800   15.12206266    1.00919156  1709.34140986  4777.12938453   15.26105800   15.12206266    1.00919156  1709.34140986  4777.12938453 
0.400000   16.89873663    1.94673030   44.95350840   32.29596889   25.30880826   15.34082159   15.17461929    1.01095265  1718.54315134  4827.27500115   15.34082159   15.17461929    1.01095265  1718.54315134  4827.27500115 
0.500000   16.87378511    1.92195585   44.94194069   32.38369808   24.85766006   15.41987282   15.23087111    1.01240912  1727.95380841  4878.74423198   15.41987282   15.23087111    1.01240912  1727.95380841  4878.74423198 
0.600000   16.84863000    1.89445195   44.93042813   32.47505295   24.38005323   15.49898297   15.29030050    1.01364803  1737.58552811  4931.65982765   15.49898297   15.29030050    1.01364803  1737.58552811  4931.65982765 
0.700000   16.82320076    1.86453483   44.91898139   32.56973511   23.87906236   15.57868010   15.35260014    1.01472584  1747.45681176  4986.00977411   15.57868010   15.35260014    1.01472584  1747.45681176  4986.00977411 
0.800000   16.79744694    1.83239971   44.90761051   32.66757810   23.35654649   15.65935010   15.41758920    1.01568085  1757.54767548  5041.86880313   15.65935010   15.41758920    1.01568085  1757.54767548  5041.86880313 
0.900000   16.77133015    1.79816562   44.89632537   32.76850098   22.81361186   15.74129206   15.48516768    1.01653998  1767.88058617  5099.42576347   15.74129206   15.48516768    1.01653998  1767.88058617  5099.42576347 
1.000000   16.74481961    1.76190120   44.88513608   32.87248152   22.25087711   15.82475054   15.55529016    1.01732275  1778.45906384  5158.55093209   15.82475054   15.55529016    1.01732275  1778.45906384  5158.55093209 
1.100000   16.71788940    1.72364023   44.87405311   32.97953951   21.66863219   15.90993530   15.62794964    1.01804368  1789.32353348  5219.45960156   15.90993530   15.62794964    1.01804368  1789.32353348  5219.45960156 
1.200000   16.69051659    1.68339145   44.86308749   33.08972728   21.06693789   15.99703389   15.70316792    1.01871380  1800.47920038  5282.31357864   15.99703389   15.70316792    1.01871380  1800.47920038  5282.31357864 
1.300000   16.66268030    1.64114505   44.85225092   33.20312297   20.44569084   16.08622003   15.78098896    1.01934169  1811.91304160  5346.96921556   16.08622003   15.78098896    1.01934169  1811.91304160  5346.96921556 
1.400000   16.63436064    1.59687701   44.84155591   33.31982672   19.80466644   16.17765939   15.86147486    1.01993412  1823.64340406  5413.77906295   16.17765939   15.86147486    1.01993412  1823.64340406  5413.77906295 
1.500000   16.60553840    1.55055207   44.83101586   33.43995798   19.14354927   16.27151346   15.94470295    1.02049649  1835.71424370  5482.69488776   16.27151346   15.94470295    1.02049649  1835.71424370  5482.69488776 
1.600000   16.57619452    1.50212604   44.82064520   33.56365430   18.46195490   16.36794305   16.03076413    1.02103324  1848.12085372  5553.90070220   16.36794305   16.03076413    1.02103324  1848.12085372  5553.90070220 
1.700000   16.54630977    1.45154738   44.81045958   33.69107008   17.75944606   16.46711004   16.11976135    1.02154800  1860.87731540  5627.50973839   16.46711004   16.11976135    1.02154800  1860.87731540  5627.50973839 
1.800000   16.51586452    1.39875853   44.80047593   33.82237697   17.03554562   16.56917989   16.21180922    1.02204385  1874.02120899  5703.62420736   16.56917989   16.21180922    1.02204385  1874.02120899  5703.62420736 
1.900000   16.48483855    1.34369695   44.79071267   33.95776331   16.28974647   16.67432272   16.30703318    1.02252338  1887.53649620  5782.47876879   16.67432272   16.30703318    1.02252338  1887.53649620  5782.47876879 
2.000000   16.45321083    1.28629595   44.78118998   34.09743476   15.52152209   16.78271425   16.40556940    1.02298883  1901.47638848  5864.12531686   16.78271425   16.40556940    1.02298883  1901.47638848  5864.12531686 
2.100000   16.42095947    1.22648573   44.77192996   34.24161530   14.73033367   16.89453816   16.50756478    1.02344218  1915.86334627  5948.70329803   16.89453816   16.50756478    1.02344218  1915.86334627  5948.70329803 
2.200000   16.38806152    1.16419399   44.76295698   34.39054775   13.91563949   17.00998569   16.61317688    1.02388518  1930.69965186  6036.62628461   17.00998569   16.61317688    1.02388518  1930.69965186  6036.62628461 
2.300000   16.35449272    1.09934682   44.75429794   34.54449511   13.07690253   17.12925744   16.72257414    1.02431942  1945.99937007  6127.36123231   17.12925744   16.72257414    1.02431942  1945.99937007  6127.36123231 
2.400000   16.32022762    1.03186947   44.74598277   34.70374131   12.21360007   17.25256443   16.83593592    1.02474638  1961.78816705  6222.08710100   17.25256443   16.83593592    1.02474638  1961.78816705  6222.08710100 
2.500000   16.28523922    0.96168733   44.73804480   34.86859345   11.32523260   17.38012838   16.95345306    1.02516746  1978.16008219  6320.57231638   17.38012838   16.95345306    1.02516746  1978.16008219  6320.57231638 
2.600000   16.24949908    0.88872659   44.73052150   35.03938293   10.41133445   17.51218319   17.07532817    1.02558399  1995.08230158  6423.18713468   17.51218319   17.07532817    1.02558399  1995.08230158  6423.18713468 
2.700000   16.21297711    0.81291568   44.72345489   35.21646690    9.47148505   17.64897561   17.20177561    1.02599732  2012.60860928  6530.15204193   17.64897561   17.20177561    1.02599732  2012.60860928  6530.15204193 
2.800000   16.17564148    0.73418629   44.71689260   35.40023112    8.50532133   17.79076576   17.33302242    1.02640874  2030.81324498  6641.50005899   17.79076576   17.33302242    1.02640874  2030.81324498  6641.50005899 
2.900000   16.13745850    0.65247440   44.71088868   35.59109092    7.51255226   17.93782878   17.46930826    1.02681964  2049.69279970  6757.75392819   17.93782878   17.46930826    1.02681964  2049.69279970  6757.75392819 
3.000000   16.09839284    0.56772220   44.70550475   35.78949499    6.49297295   18.09045577   17.61088639    1.02723142  2069.30969945  6879.29273871   18.09045577   17.61088639    1.02723142  2069.30969945  6879.29273871 
3.100000   16.05840707    0.47987878   44.70081136   35.99592614    5.44648183   18.24895358   17.75802368    1.02764553  2089.71141026  7006.52716592   18.24895358   17.75802368    1.02764553  2089.71141026  7006.52716592 
3.200000   16.01746190    0.38890290   44.69688955   36.21090508    4.37309906   18.41364789   17.91100109    1.02806358  2110.92069910  7139.74556147   18.41364789   17.91100109    1.02806358  2110.92069910  7139.74556147 
3.300000   15.97551632    0.29476392   44.69383273   36.43499327    3.27298522   18.58488226   18.07011467    1.02848723  2133.04012372  7279.42986430   18.58488226   18.07011467    1.02848723  2133.04012372  7279.42986430 
3.400000   15.93252718    0.19744396   44.69174886   36.66879511    2.14646222   18.76302028   18.23567557    1.02891830  2156.11008582  7426.01027906   18.76302028   18.23567557    1.02891830  2156.11008582  7426.01027906 
3.500000   15.88758969    0.10022116   44.69032761   36.91423035    1.05330815   18.94847226   18.40700454    1.02941640  2180.21572484  7579.86745952   18.94847250   18.40700465    1.02941640  2180.21575826  7579.86775091 
3.600000   15.83149827    0.04108441   44.68506229   37.18588972    0.64124354   19.14160442   18.57240134    1.03064779  2205.35211335  7740.58501034   19.14160919   18.57240397    1.03064790  2205.35246064  7740.58799469 
3.700000   15.77159870    0.00000000   44.67985904   37.47413111    0.42016900   19.34219646   18.73760235    1.03226635  2231.61126458  7909.36521356   19.34220552   18.73760927    1.03226646  2231.61190538  7909.37077231 
3.800000   15.70812452    0.00000000   44.67514950   37.77926755    0.36956730   19.55044508   18.89501703    1.03468788  2259.11590790  8087.08056314   19.55045938   18.89503157    1.03468784  2259.11686782  8087.08893604 
3.900000   15.64260006    0.00000000   44.67229459   38.09854698    0.34939208   19.76681852   19.05402982    1.03740882  2287.97813709  8274.52358486   19.76683617   19.05404592    1.03740887  2287.97925822  8274.53341628 
4.000000   15.57502699    0.00000000   44.67171401   38.43239164    0.33200521   19.99183607   19.22030926    1.04014123  2318.24020174  8472.20976673   19.99185467   19.22032666    1.04014125  2318.24140292  8472.22034914 
4.100000   15.50542438    0.00000000   44.67381215   38.78156781    0.31856183   20.22604418   19.39423823    1.04288933  2350.11165134  8681.94049395   20.22606230   19.39425409    1.04288941  2350.11284670  8681.95107224 
4.200000   15.43389642    0.00000000   44.67903134   39.14695859    0.30563630   20.47003412   19.57625842    1.04565610  2383.66460099  8904.33279011   20.47005081   19.57626903    1.04565639  2383.66568292  8904.34240752 
4.300000   15.36034989    0.00000000   44.68782803   39.52964020    0.29368020   20.72443819   19.76690936    1.04844100  2419.07827265  9140.67098631   20.72444963   19.76691711    1.04844117  2419.07907567  9140.67816993 
4.400000   15.28472817    0.00000000   44.70071518   39.93082094    0.28105346   20.98992634   19.96681762    1.05124045  2456.48932092  9392.14131783   20.98993301   19.96682429    1.05124043  2456.48983520  9392.14595268 
4.500000   15.20684254    0.00000000   44.71824411   40.35192537    0.26558406   21.26720047   20.17717254    1.05402283  2496.06953789  9660.44456153   21.26720762   20.17717922    1.05402283  2496.07005601  9660.44925364 
4.600000   15.12680542    0.00000000   44.74120748   40.79395580    0.25231750   21.55711937   20.39817965    1.05681584  2538.04188249  9947.09264118   21.55712605   20.39818513    1.05681588  2538.04236172  9947.09701947 
4.700000   15.04462552    0.00000000   44.77040818   41.25833464    0.23992510   21.86057377   20.63035846    1.05963131  2582.62734336  10253.93074777   21.86057854   20.63036263    1.05963133  2582.62763578  10253.93348744 
4.800000   14.96031070    0.00000000   44.80674765   41.74666977    0.22813252   22.17852497   20.87451434    1.06246903  2630.07512470  10582.86131851   22.17852640   20.87451363    1.06246913  2630.07513051  10582.86148070 
4.900000   14.87367654    0.00000000   44.85123351   42.26076508    0.21756201   22.51201582   21.13154745    1.06532737  2680.70070965  10936.79737042   22.51201248   21.13154089    1.06532754  2680.70026123  10936.79341806 
5.000000   14.78470087    0.00000000   44.90503139   42.80256462    0.20855405   22.86218929   21.40242851    1.06820538  2734.78900286  11317.66711455   22.86217785   21.40241623    1.06820546  2734.78782026  11317.65648283 


# dataset 1: optimisation metric
# 1  2  3  4  5  6  7  8  9  
t  metric  metric_raw  dp  pc-gc0-width  pc-pore-length  pc-pore-width  pc-stoma-length  best  
0.000000    6.85114063    1.85114063    5.00000000    0.00000000   -0.22727273   -0.84000000   -0.04255319  no 
0.100000    6.75270320    1.85270320    4.90000000    0.00215564   -0.22846394   -0.84021641   -0.04280005  no 
0.200000    6.65871335    1.85871335    4.80000000    0.00493958   -0.22961313   -0.84114829   -0.04304773  no 
0.300000    6.56764422    1.86764424    4.69999999    0.00813751   -0.23074593   -0.84253953   -0.04329534  no 
0.400000    6.47875929    1.87875930    4.59999999    0.01164129   -0.23187561   -0.84426158   -0.04354237  no 
0.500000    6.39167626    1.89167626    4.50000000    0.01539141   -0.23300977   -0.84624353   -0.04378850  no 
0.600000    6.30619354    1.90619356    4.39999998    0.01935337   -0.23415318   -0.84844384   -0.04403344  no 
0.700000    6.22221201    1.92221200    4.30000001    0.02350668   -0.23530906   -0.85083721   -0.04427699  no 
0.800000    6.13969606    1.93969608    4.19999999    0.02783928   -0.23647968   -0.85340802   -0.04451893  no 
0.900000    6.05865384    1.95865382    4.10000002    0.03234451   -0.23766681   -0.85614675   -0.04475903  no 
1.000000    5.97912585    1.97912585    4.00000000    0.03701934   -0.23887184   -0.85904790   -0.04499710  no 
1.100000    5.90117965    2.00117968    3.89999998    0.04186331   -0.24009594   -0.86210878   -0.04523291  no 
1.200000    5.82490693    2.02490698    3.79999995    0.04687786   -0.24134015   -0.86532868   -0.04546622  no 
1.300000    5.75042297    2.05042292    3.70000005    0.05206593   -0.24260544   -0.86870840   -0.04569679  no 
1.400000    5.67786698    2.07786696    3.60000002    0.05743166   -0.24389270   -0.87224984   -0.04592434  no 
1.500000    5.60740497    2.10740497    3.50000000    0.06298020   -0.24520280   -0.87595583   -0.04614860  no 
1.600000    5.53923251    2.13923253    3.39999998    0.06871761   -0.24653661   -0.87982992   -0.04636925  no 
1.700000    5.47357963    2.17357968    3.29999995    0.07465076   -0.24789501   -0.88387621   -0.04658597  no 
1.800000    5.41071728    2.21071723    3.20000005    0.08078728   -0.24927889   -0.88809932   -0.04679838  no 
1.900000    5.35096523    2.25096521    3.10000002    0.08713555   -0.25068916   -0.89250424   -0.04700611  no 
2.000000    5.29470417    2.29470417    3.00000000    0.09370463   -0.25212678   -0.89709632   -0.04720872  no 
2.100000    5.24239008    2.34238999    2.90000010    0.10050432   -0.25359275   -0.90188114   -0.04740575  no 
2.200000    5.19457424    2.39457428    2.79999995    0.10754513   -0.25508811   -0.90686448   -0.04759666  no 
2.300000    5.15193238    2.45193234    2.70000005    0.11483828   -0.25661397   -0.91205225   -0.04778089  no 
2.400000    5.11530226    2.51530235    2.59999990    0.12239573   -0.25817147   -0.91745044   -0.04795781  no 
2.500000    5.08574196    2.58574196    2.50000000    0.13023020   -0.25976185   -0.92306501   -0.04812671  no 
2.600000    5.06461228    2.66461218    2.40000010    0.13835521   -0.26138641   -0.92890187   -0.04828678  no 
2.700000    5.05370550    2.75370555    2.29999995    0.14678504   -0.26304649   -0.93496675   -0.04843713  BEST-STATE 
2.800000    5.05545105    2.85545100    2.20000005    0.15553483   -0.26474357   -0.94126510   -0.04857675  no 
2.900000    5.07325791    2.97325801    2.09999990    0.16462055   -0.26647916   -0.94780205   -0.04870450  no 
3.000000    5.11212908    3.11212908    2.00000000    0.17405909   -0.26825487   -0.95458222   -0.04881905  no 
3.100000    5.17984561    3.27984551    1.90000010    0.18386825   -0.27007241   -0.96160970   -0.04891891  no 
3.200000    5.28950884    3.48950889    1.79999995    0.19406674   -0.27193355   -0.96888777   -0.04900235  no 
3.300000    5.46588926    3.76588921    1.70000005    0.20467431   -0.27384017   -0.97641889   -0.04906739  no 
3.400000    5.76544795    4.16544804    1.59999990    0.21571170   -0.27579422   -0.98420448   -0.04911173  no 
3.500000    6.34166007    4.84166007    1.50000000    0.22713364   -0.27783683   -0.99198231   -0.04914197  no 
3.600000    7.13152028    5.73152019    1.40000010    0.23816009   -0.28038644   -0.99671325   -0.04925399  no 
3.700000   12.81999522   11.51999526    1.29999995    0.24917349   -0.28310915   -1.00000000   -0.04936470  no 
3.800000   12.72027759   11.52027755    1.20000005    0.25966780   -0.28599434   -1.00000000   -0.04946490  no 
3.900000   12.62057170   11.52057179    1.09999990    0.27026865   -0.28897272   -1.00000000   -0.04952565  no 
4.000000   12.52088452   11.52088452    1.00000000    0.28135395   -0.29204423   -1.00000000   -0.04953800  no 
4.100000   12.42121692   11.52121682    0.90000010    0.29294922   -0.29520798   -1.00000000   -0.04949336  no 
4.200000   12.32156993   11.52156974    0.80000019    0.30508389   -0.29845925   -1.00000000   -0.04938231  no 
4.300000   12.22194468   11.52194488    0.69999981    0.31779396   -0.30180228   -1.00000000   -0.04919515  no 
4.400000   12.12234385   11.52234395    0.59999990    0.33112117   -0.30523963   -1.00000000   -0.04892095  no 
4.500000   12.02276976   11.52276976    0.50000000    0.34514484   -0.30877988   -1.00000000   -0.04854800  no 
4.600000   11.92322344   11.52322335    0.40000010    0.35987864   -0.31241794   -1.00000000   -0.04805942  no 
4.700000   11.82370660   11.52370641    0.30000019    0.37535723   -0.31615339   -1.00000000   -0.04743812  no 
4.800000   11.72422092   11.52422111    0.19999981    0.39163429   -0.31998588   -1.00000000   -0.04666494  no 
4.900000   11.62477019   11.52477029    0.09999990    0.40876983   -0.32392379   -1.00000000   -0.04571844  no 
5.000000   11.52535664   11.52535664    0.00000000    0.42682857   -0.32796814   -1.00000000   -0.04457380  no 
