#
# State information.
#
#


# dataset 0: For the stoma (column numbers are in brackets)
# 1  2  3  4  5  6  7  8  9  10  11  12  13  14  15  16  
t  pore-length  pore-width  stoma-length  stoma-width  pore-area  gc0-height  gc0-width  gc0-ar  gc0-surface-area  gc0-volume  gc1-height  gc1-width  gc1-ar  gc1-surface-area  gc1-volume  
0.000000   17.00000000    2.00000000   45.00000000   32.00000000   26.66142133   15.00000000   15.00000000    1.00000000  1682.89731753  4633.88931046           nan           nan           nan           nan           nan 
0.100000   16.99342897    2.00049713   44.99735296   32.01447193   26.61531405   15.02467632   15.00698740    1.00117871  1685.06483228  4645.56058217           nan           nan           nan           nan           nan 
0.200000   16.98696322    2.00016361   44.99470134   32.02983486   26.56075266   15.04852400   15.01483563    1.00224367  1687.23872345  4657.28090101           nan           nan           nan           nan           nan 
0.300000   16.98058270    1.99911546   44.99204663   32.04597412   26.49894806   15.07168368   15.02342933    1.00321194  1689.42393875  4669.06670132           nan           nan           nan           nan           nan 
0.400000   16.97427125    1.99744578   44.98939002   32.06279708   26.43086957   15.09426891   15.03267565    1.00409729  1691.62065120  4680.92013909           nan           nan           nan           nan           nan 
0.500000   16.96801567    1.99523011   44.98673246   32.08022818   26.35730187   15.11637241   15.04249904    1.00491098  1693.82902445  4692.84309729           nan           nan           nan           nan           nan 
0.600000   16.96180509    1.99253035   44.98407477   32.09820513   26.27888665   15.13807076   15.05283739    1.00566228  1696.04921503  4704.83725587           nan           nan           nan           nan           nan 
0.700000   16.95563049    1.98939776   44.98141762   32.11667622   26.19615335   15.15942779   15.06363923    1.00635893  1698.28137441  4716.90414239           nan           nan           nan           nan           nan 
0.800000   16.94948426    1.98587506   44.97876158   32.13559812   26.10954237   15.18049721   15.07486153    1.00700741  1700.52564984  4729.04516784           nan           nan           nan           nan           nan 
0.900000   16.94335999    1.98199816   44.97610715   32.15493438   26.01942271   15.20132455   15.08646811    1.00761321  1702.78218596  4741.26165634           nan           nan           nan           nan           nan 
1.000000   16.93725221    1.97779746   44.97345476   32.17465402   25.92610560   15.22194876   15.09842828    1.00818102  1705.05112528  4753.55486369           nan           nan           nan           nan           nan 
1.100000   16.93115622    1.97329880   44.97080478   32.19473070   25.82985508   15.24240328   15.11071595    1.00871483  1707.33260884  4765.92599447           nan           nan           nan           nan           nan 
1.200000   16.92506798    1.96852434   44.96815758   32.21514183   25.73089641   15.26271719   15.12330874    1.00921812  1709.62677707  4778.37621529           nan           nan           nan           nan           nan 
1.300000   16.91898396    1.96349312   44.96551344   32.23586804   25.62942265   15.28291574   15.13618746    1.00969387  1711.93376989  4790.90666266           nan           nan           nan           nan           nan 
1.400000   16.91290110    1.95822160   44.96287266   32.25689253   25.52560006   15.30302110   15.14933547    1.01014471  1714.25372724  4803.51845239           nan           nan           nan           nan           nan 
1.500000   16.90681668    1.95272405   44.96023550   32.27820086   25.41957232   15.32305288   15.16273841    1.01057292  1716.58678934  4816.21268367           nan           nan           nan           nan           nan 
1.600000   16.90072834    1.94701292   44.95760220   32.29978040   25.31146408   15.34302837   15.17638374    1.01098052  1718.93309701  4828.99044809           nan           nan           nan           nan           nan 
1.700000   16.89463396    1.94109908   44.95497297   32.32162023   25.20138382   15.36296299   15.19026057    1.01136929  1721.29279195  4841.85282901           nan           nan           nan           nan           nan 
1.800000   16.88853165    1.93499207   44.95234806   32.34371081   25.08942620   15.38287064   15.20435937    1.01174080  1723.66601618  4854.80090617           nan           nan           nan           nan           nan 
1.900000   16.88241974    1.92870025   44.94972765   32.36604384   24.97567406   15.40276366   15.21867179    1.01209645  1726.05291397  4867.83576356           nan           nan           nan           nan           nan 
2.000000   16.87629669    1.92223100   44.94711195   32.38861206   24.86019994   15.42265338   15.23319053    1.01243750  1728.45362989  4880.95848357           nan           nan           nan           nan           nan 
2.100000   16.87016115    1.91559084   44.94450115   32.41140914   24.74306767   15.44254991   15.24790915    1.01276508  1730.86831044  4894.17015489           nan           nan           nan           nan           nan 
2.200000   16.86401188    1.90878551   44.94189544   32.43442956   24.62433328   15.46246260   15.26282202    1.01308019  1733.30011491  4907.48261384           nan           nan           nan           nan           nan 
2.300000   16.85784774    1.90182011   44.93929498   32.45766851   24.50404615   15.48239997   15.27792420    1.01338374  1735.74343382  4920.92035893           nan           nan           nan           nan           nan 
2.400000   16.85166772    1.89469914   44.93669997   32.48112187   24.38224974   15.50236976   15.29321136    1.01367655  1738.20089645  4934.40549517           nan           nan           nan           nan           nan 
2.500000   16.84547083    1.88742661   44.93411058   32.50478595   24.25898241   15.52237928   15.30867967    1.01395938  1740.67292528  4947.98401427           nan           nan           nan           nan           nan 
2.600000   16.83925626    1.88000606   44.93152699   32.52865767   24.13427790   15.54243511   15.32432581    1.01423288  1743.15967561  4961.65705286           nan           nan           nan           nan           nan 
2.700000   16.83302315    1.87244062   44.92894936   32.55273443   24.00816594   15.56254351   15.34014691    1.01449768  1745.66592254  4975.44235756           nan           nan           nan           nan           nan 
2.800000   16.82677077    1.86473307   44.92637786   32.57701379   23.88067273   15.58271027   15.35614036    1.01475435  1748.19380577  4989.32207640           nan           nan           nan           nan           nan 
2.900000   16.82049844    1.85688588   44.92381267   32.60149401   23.75182119   15.60294086   15.37230407    1.01500340  1750.72524093  5003.28870895           nan           nan           nan           nan           nan 
3.000000   16.81420550    1.84890120   44.92125396   32.62617344   23.62163144   15.62324029   15.38863612    1.01524529  1753.27157188  5017.35754308           nan           nan           nan           nan           nan 
3.100000   16.80789132    1.84078094   44.91870190   32.65105075   23.49012113   15.64361340   15.40513490    1.01548045  1755.83434039  5031.52087585           nan           nan           nan           nan           nan 
3.200000   16.80155537    1.83252679   44.91615666   32.67612499   23.35730548   15.66406482   15.42179910    1.01570930  1758.41280425  5045.78582200           nan           nan           nan           nan           nan 
3.300000   16.79519707    1.82414019   44.91361842   32.70139533   23.22319774   15.68459880   15.43862757    1.01593220  1760.99564420  5060.17009254           nan           nan           nan           nan           nan 
3.400000   16.78881593    1.81562242   44.91108735   32.72686130   23.08780935   15.70521945   15.45561944    1.01614947  1763.60599094  5074.64201215           nan           nan           nan           nan           nan 
3.500000   16.78241144    1.80697457   44.90856362   32.75252241   22.95114991   15.72593075   15.47277392    1.01636144  1766.23433281  5089.25962725           nan           nan           nan           nan           nan 
3.600000   16.77598317    1.79819758   44.90604741   32.77837867   22.81322767   15.74673641   15.49009054    1.01656839  1768.88083360  5103.98872986           nan           nan           nan           nan           nan 
3.700000   16.76953065    1.78929222   44.90353891   32.80443001   22.67404936   15.76764011   15.50756890    1.01677060  1771.54029228  5118.78009839           nan           nan           nan           nan           nan 
3.800000   16.76305346    1.78025916   44.90103827   32.83067662   22.53362053   15.78864533   15.52520873    1.01696831  1774.21650579  5133.68077837           nan           nan           nan           nan           nan 
3.900000   16.75655121    1.77109893   44.89854571   32.85711890   22.39194565   15.80975538   15.54300999    1.01716176  1776.89169052  5148.68135240           nan           nan           nan           nan           nan 
4.000000   16.75002348    1.76181193   44.89606140   32.88375729   22.24902796   15.83097368   15.56097268    1.01735116  1779.60195566  5163.80452407           nan           nan           nan           nan           nan 
4.100000   16.74346989    1.75239848   44.89358552   32.91059238   22.10486982   15.85230327   15.57909695    1.01753672  1782.32954219  5179.04112175           nan           nan           nan           nan           nan 
4.200000   16.73689011    1.74285880   44.89111827   32.93762493   21.95947277   15.87374723   15.59738307    1.01771862  1785.07120958  5194.41468050           nan           nan           nan           nan           nan 
4.300000   16.73028374    1.73319298   44.88865983   32.96485591   21.81283745   15.89530873   15.61583146    1.01789705  1787.83399717  5209.88256026           nan           nan           nan           nan           nan 
4.400000   16.72365043    1.72340113   44.88621042   32.99228615   21.66496373   15.91699058   15.63444251    1.01807216  1790.61716546  5225.45239538           nan           nan           nan           nan           nan 
4.500000   16.71698985    1.71348315   44.88377021   33.01991677   21.51585084   15.93879580   15.65321681    1.01824411  1793.41600790  5241.15714259           nan           nan           nan           nan           nan 
4.600000   16.71030170    1.70343897   44.88133942   33.04774892   21.36549747   15.96072716   15.67215498    1.01841305  1796.23675370  5257.02063405           nan           nan           nan           nan           nan 
4.700000   16.70358557    1.69326839   44.87891826   33.07578409   21.21390150   15.98278743   15.69125785    1.01857911  1799.07244159  5272.96825009           nan           nan           nan           nan           nan 
4.800000   16.69684121    1.68297118   44.87650692   33.10402346   21.06106048   16.00497949   15.71052614    1.01874242  1801.92843192  5289.04500442           nan           nan           nan           nan           nan 
4.900000   16.69006827    1.67254701   44.87410563   33.13246846   20.90697113   16.02730596   15.72996072    1.01890311  1804.80181169  5305.24161783           nan           nan           nan           nan           nan 
5.000000   16.68326646    1.66199559   44.87171459   33.16112077   20.75163010   16.04976952   15.74956259    1.01906129  1807.69438142  5321.56526741           nan           nan           nan           nan           nan 


# dataset 1: optimisation metric
# 1  2  3  4  5  6  7  8  9  
t  metric  metric_raw  dp  pc-gc0-width  pc-pore-length  pc-pore-width  pc-stoma-length  best  
0.000000    8.42672163    3.42672163    5.00000000    0.00000000   -0.22727273   -0.84000000   -0.04255319  no 
0.100000    8.32601561    3.42601562    4.90000000    0.00046583   -0.22757141   -0.83996023   -0.04260951  no 
0.200000    8.22682923    3.42682923    4.80000000    0.00098904   -0.22786531   -0.83998691   -0.04266593  no 
0.300000    8.12895162    3.42895163    4.69999999    0.00156196   -0.22815533   -0.84007076   -0.04272241  no 
0.400000    8.03221566    3.43221567    4.59999999    0.00217838   -0.22844222   -0.84020434   -0.04277894  no 
0.500000    7.93648736    3.43648736    4.50000000    0.00283327   -0.22872656   -0.84038159   -0.04283548  no 
0.600000    7.84165816    3.44165819    4.39999998    0.00352249   -0.22900886   -0.84059757   -0.04289203  no 
0.700000    7.74763950    3.44763949    4.30000001    0.00424262   -0.22928952   -0.84084818   -0.04294856  no 
0.800000    7.65435828    3.45435829    4.19999999    0.00499077   -0.22956890   -0.84113000   -0.04300507  no 
0.900000    7.56175417    3.46175415    4.10000002    0.00576454   -0.22984727   -0.84144015   -0.04306155  no 
1.000000    7.46977670    3.46977670    4.00000000    0.00656189   -0.23012490   -0.84177620   -0.04311798  no 
1.100000    7.37838382    3.47838384    3.89999998    0.00738106   -0.23040199   -0.84213610   -0.04317437  no 
1.200000    7.28754016    3.48754020    3.79999995    0.00822058   -0.23067873   -0.84251805   -0.04323069  no 
1.300000    7.19721610    3.49721605    3.70000005    0.00907916   -0.23095527   -0.84292055   -0.04328695  no 
1.400000    7.10738634    3.50738632    3.60000002    0.00995570   -0.23123177   -0.84334227   -0.04334313  no 
1.500000    7.01802991    3.51802991    3.50000000    0.01084923   -0.23150833   -0.84378208   -0.04339924  no 
1.600000    6.92912904    3.52912907    3.39999998    0.01175892   -0.23178508   -0.84423897   -0.04345527  no 
1.700000    6.84066884    3.54066888    3.29999995    0.01268404   -0.23206209   -0.84471207   -0.04351121  no 
1.800000    6.75263699    3.55263695    3.20000005    0.01362396   -0.23233947   -0.84520063   -0.04356706  no 
1.900000    6.66502296    3.56502293    3.10000002    0.01457812   -0.23261728   -0.84570398   -0.04362282  no 
2.000000    6.57781844    3.57781844    3.00000000    0.01554604   -0.23289560   -0.84622152   -0.04367847  no 
2.100000    6.49101674    3.59101665    2.90000010    0.01652728   -0.23317449   -0.84675273   -0.04373402  no 
2.200000    6.40461214    3.60461219    2.79999995    0.01752147   -0.23345401   -0.84729716   -0.04378946  no 
2.300000    6.31860107    3.61860102    2.70000005    0.01852828   -0.23373419   -0.84785439   -0.04384479  no 
2.400000    6.23298011    3.63298020    2.59999990    0.01954742   -0.23401510   -0.84842407   -0.04390000  no 
2.500000    6.14774784    3.64774784    2.50000000    0.02057864   -0.23429678   -0.84900587   -0.04395509  no 
2.600000    6.06290312    3.66290303    2.40000010    0.02162172   -0.23457926   -0.84959952   -0.04401006  no 
2.700000    5.97844562    3.67844566    2.29999995    0.02267646   -0.23486258   -0.85020475   -0.04406491  no 
2.800000    5.89437653    3.69437648    2.20000005    0.02374269   -0.23514678   -0.85082135   -0.04411962  no 
2.900000    5.81069679    3.71069689    2.09999990    0.02482027   -0.23543189   -0.85144913   -0.04417420  no 
3.000000    5.72740907    3.72740907    2.00000000    0.02590907   -0.23571793   -0.85208790   -0.04422864  no 
3.100000    5.64451588    3.74451579    1.90000010    0.02700899   -0.23600494   -0.85273752   -0.04428294  no 
3.200000    5.56202038    3.76202043    1.79999995    0.02811994   -0.23629294   -0.85339786   -0.04433709  no 
3.300000    5.47992701    3.77992696    1.70000005    0.02924184   -0.23658195   -0.85406878   -0.04439110  no 
3.400000    5.39823984    3.79823994    1.59999990    0.03037463   -0.23687200   -0.85475021   -0.04444495  no 
3.500000    5.31696439    3.81696439    1.50000000    0.03151826   -0.23716312   -0.85544203   -0.04449865  no 
3.600000    5.23610603    3.83610593    1.40000010    0.03267270   -0.23745531   -0.85614419   -0.04455218  no 
3.700000    5.15567065    3.85567069    1.29999995    0.03383793   -0.23774861   -0.85685662   -0.04460556  no 
3.800000    5.07566525    3.87566520    1.20000005    0.03501392   -0.23804302   -0.85757927   -0.04465876  no 
3.900000    4.99609652    3.89609661    1.09999990    0.03620067   -0.23833858   -0.85831209   -0.04471179  no 
4.000000    4.91697251    3.91697251    1.00000000    0.03739818   -0.23863530   -0.85905505   -0.04476465  no 
4.100000    4.83830107    3.93830098    0.90000010    0.03860646   -0.23893319   -0.85980812   -0.04481733  no 
4.200000    4.76009075    3.96009056    0.80000019    0.03982554   -0.23923227   -0.86057130   -0.04486982  no 
4.300000    4.68235024    3.98235043    0.69999981    0.04105543   -0.23953256   -0.86134456   -0.04492213  no 
4.400000    4.60508991    4.00509000    0.59999990    0.04229617   -0.23983407   -0.86212791   -0.04497425  no 
4.500000    4.52831948    4.02831948    0.50000000    0.04354779   -0.24013683   -0.86292135   -0.04502617  no 
4.600000    4.45204953    4.05204943    0.40000010    0.04481033   -0.24044083   -0.86372488   -0.04507788  no 
4.700000    4.37629118    4.07629099    0.30000019    0.04608386   -0.24074611   -0.86453853   -0.04512940  no 
4.800000    4.30105562    4.10105581    0.19999981    0.04736841   -0.24105267   -0.86536231   -0.04518070  no 
4.900000    4.22635610    4.12635620    0.09999990    0.04866405   -0.24136053   -0.86619624   -0.04523180  no 
5.000000    4.15220481    4.15220481    0.00000000    0.04997084   -0.24166971   -0.86704035   -0.04528267  BEST-STATE 
