#
# State information.
#
#


# dataset 0: For the stoma (column numbers are in brackets)
# 1  2  3  4  5  6  7  8  9  10  11  12  13  14  15  16  
t  pore-length  pore-width  stoma-length  stoma-width  pore-area  gc0-height  gc0-width  gc0-ar  gc0-surface-area  gc0-volume  gc1-height  gc1-width  gc1-ar  gc1-surface-area  gc1-volume  
0.000000   17.00000000    2.00000000   45.00000000   32.00000000   26.66142133   15.00000000   15.00000000    1.00000000  1398.77674988  3268.93214868           nan           nan           nan           nan           nan 
0.100000   17.00602139    2.04368646   45.00761212   32.04948808   27.12164917   14.99835112   15.00290081    0.99969675  1400.62905237  3275.88593762           nan           nan           nan           nan           nan 
0.200000   17.01204658    2.08739379   45.01538787   32.09872150   27.58385506   14.99684316   15.00566386    0.99941218  1402.48157568  3282.81254554           nan           nan           nan           nan           nan 
0.300000   17.01808191    2.13111193   45.02332510   32.14771359   28.04791225   14.99546515   15.00830083    0.99914476  1404.33936390  3289.76652928           nan           nan           nan           nan           nan 
0.400000   17.02413321    2.17483246   45.03142192   32.19647807   28.51371116   14.99420710   15.01082280    0.99889309  1406.19526309  3296.76907422           nan           nan           nan           nan           nan 
0.500000   17.03020716    2.21854769   45.03967664   32.24502745   28.98115327   14.99305972   15.01323988    0.99865584  1408.06563816  3303.75858500           nan           nan           nan           nan           nan 
0.600000   17.03630909    2.26225054   45.04808777   32.29337290   29.45014621   14.99201402   15.01556118    0.99843182  1409.94308198  3310.76875955           nan           nan           nan           nan           nan 
0.700000   17.04244407    2.30593491   45.05665391   32.34152457   29.92060893   14.99106176   15.01779483    0.99821991  1411.82661480  3317.82614060           nan           nan           nan           nan           nan 
0.800000   17.04861492    2.34959543   45.06537388   32.38949221   30.39247220   14.99019672   15.01994839    0.99801919  1413.71390865  3324.88685228           nan           nan           nan           nan           nan 
0.900000   17.05482727    2.39322701   45.07424659   32.43728465   30.86566838   14.98941074   15.02202882    0.99782865  1415.60373264  3331.98085059           nan           nan           nan           nan           nan 
1.000000   17.06108689    2.43682504   45.08327132   32.48491102   31.34013623   14.98869770   15.02404299    0.99764742  1417.50312192  3339.06889833           nan           nan           nan           nan           nan 
1.100000   17.06739832    2.48038575   45.09244728   32.53237838   31.81582548   14.98805217   15.02599631    0.99747477  1419.41057283  3346.15429774           nan           nan           nan           nan           nan 
1.200000   17.07376593    2.52390599   45.10177372   32.57969403   32.29269291   14.98747029   15.02789402    0.99731009  1421.32197594  3353.26654302           nan           nan           nan           nan           nan 
1.300000   17.08019406    2.56738263   45.11125001   32.62686419   32.77069615   14.98694883   15.02974078    0.99715285  1423.23517091  3360.39967362           nan           nan           nan           nan           nan 
1.400000   17.08668707    2.61081266   45.12087573   32.67389536   33.24979542   14.98648305   15.03154135    0.99700242  1425.14903272  3367.55774357           nan           nan           nan           nan           nan 
1.500000   17.09324887    2.65419400   45.13065040   32.72079343   33.72996220   14.98606971   15.03329971    0.99685831  1427.07752930  3374.72045074           nan           nan           nan           nan           nan 
1.600000   17.09988326    2.69752473   45.14057362   32.76756376   34.21117098   14.98570527   15.03501952    0.99672004  1429.00522173  3381.93798893           nan           nan           nan           nan           nan 
1.700000   17.10659402    2.74080318   45.15064514   32.81421179   34.69339911   14.98538551   15.03670430    0.99658710  1430.94207242  3389.13249416           nan           nan           nan           nan           nan 
1.800000   17.11338505    2.78402752   45.16086482   32.86074185   35.17662239   14.98510850   15.03835717    0.99645914  1432.88774062  3396.35304604           nan           nan           nan           nan           nan 
1.900000   17.12025988    2.82719678   45.17123245   32.90715867   35.66082859   14.98487199   15.03998095    0.99633584  1434.82376521  3403.60842967           nan           nan           nan           nan           nan 
2.000000   17.12722199    2.87030989   45.18174794   32.95346677   36.14600326   14.98467333   15.04157844    0.99621681  1436.76935587  3410.91270230           nan           nan           nan           nan           nan 
2.100000   17.13427505    2.91336566   45.19241135   32.99967045   36.63213231   14.98451038   15.04315239    0.99610175  1438.72925828  3418.16016937           nan           nan           nan           nan           nan 
2.200000   17.14142370    2.95636284   45.20322263   33.04577243   37.11920297   14.98438191   15.04470479    0.99599042  1440.69390074  3425.42482961           nan           nan           nan           nan           nan 
2.300000   17.14867018    2.99930072   45.21418196   33.09177673   37.60720558   14.98428573   15.04623801    0.99588254  1442.66766400  3432.71405533           nan           nan           nan           nan           nan 
2.400000   17.15601747    3.04217899   45.22528940   33.13768649   38.09613770   14.98422040   15.04775375    0.99577788  1444.63225822  3440.06169836           nan           nan           nan           nan           nan 
2.500000   17.16346876    3.08499730   45.23654506   33.18350494   38.58599464   14.98418454   15.04925382    0.99567625  1446.62171560  3447.42229333           nan           nan           nan           nan           nan 
2.600000   17.17102729    3.12775493   45.24794935   33.22923529   39.07677173   14.98417642   15.05074018    0.99557738  1448.61316898  3454.81901257           nan           nan           nan           nan           nan 
2.700000   17.17869571    3.17045248   45.25950241   33.27488112   39.56847753   14.98419464   15.05221432    0.99548108  1450.61540159  3462.22882710           nan           nan           nan           nan           nan 
2.800000   17.18647708    3.21308947   45.27120456   33.32044494   40.06110930   14.98423795   15.05367774    0.99538719  1452.60035755  3469.72288448           nan           nan           nan           nan           nan 
2.900000   17.19437438    3.25566590   45.28305614   33.36592960   40.55466907   14.98430504   15.05513185    0.99529550  1454.61091306  3477.17272737           nan           nan           nan           nan           nan 
3.000000   17.20239048    3.29818141   45.29505742   33.41133666   41.04915881   14.98439548   15.05657762    0.99520594  1456.62077271  3484.68184837           nan           nan           nan           nan           nan 
3.100000   17.21052797    3.34063673   45.30720881   33.45666945   41.54458745   14.98450818   15.05801636    0.99511834  1458.65028365  3492.18791683           nan           nan           nan           nan           nan 
3.200000   17.21878980    3.38303149   45.31951091   33.50193000   42.04095825   14.98464198   15.05944926    0.99503254  1460.68613342  3499.71028397           nan           nan           nan           nan           nan 
3.300000   17.22717847    3.42536640   45.33196414   33.54712105   42.53828249   14.98479621   15.06087732    0.99494843  1462.72816182  3507.26218271           nan           nan           nan           nan           nan 
3.400000   17.23569678    3.46764147   45.34456906   33.59224415   43.03656571   14.98497034   15.06230134    0.99486592  1464.77336193  3514.84355455           nan           nan           nan           nan           nan 
3.500000   17.24434730    3.50985694   45.35732609   33.63730156   43.53581711   14.98516365   15.06372231    0.99478491  1466.82579349  3522.45331876           nan           nan           nan           nan           nan 
3.600000   17.25313264    3.55201340   45.37023568   33.68229544   44.03605021   14.98537561   15.06514102    0.99470530  1468.88402579  3530.06994521           nan           nan           nan           nan           nan 
3.700000   17.26205519    3.59411120   45.38329846   33.72722709   44.53727345   14.98560582   15.06655794    0.99462703  1470.95482511  3537.71902686           nan           nan           nan           nan           nan 
3.800000   17.27111509    3.63615131   45.39651486   33.77209949   45.03950653   14.98585359   15.06797409    0.99455000  1473.03337464  3545.39037932           nan           nan           nan           nan           nan 
3.900000   17.28031629    3.67813396   45.40988562   33.81691408   45.54275875   14.98611846   15.06939006    0.99447412  1475.12006625  3553.09898392           nan           nan           nan           nan           nan 
4.000000   17.28966162    3.72005999   45.42341140   33.86167288   46.04704579   14.98640003   15.07080644    0.99439934  1477.21338816  3560.82261217           nan           nan           nan           nan           nan 
4.100000   17.29915300    3.76193058   45.43709272   33.90637803   46.55238898   14.98669799   15.07222372    0.99432561  1479.31420380  3568.57283997           nan           nan           nan           nan           nan 
4.200000   17.30879307    3.80374599   45.45093042   33.95103121   47.05879750   14.98701167   15.07364261    0.99425282  1481.42083230  3576.34629125           nan           nan           nan           nan           nan 
4.300000   17.31858379    3.84550691   45.46492487   33.99563384   47.56629030   14.98734096   15.07506347    0.99418095  1483.53556227  3584.14794950           nan           nan           nan           nan           nan 
4.400000   17.32852742    3.88721406   45.47907677   34.04018760   48.07488235   14.98768557   15.07648677    0.99410995  1485.65933398  3591.97999823           nan           nan           nan           nan           nan 
4.500000   17.33862606    3.92886817   45.49338698   34.08469367   48.58459244   14.98804521   15.07791275    0.99403979  1487.79088909  3599.83994431           nan           nan           nan           nan           nan 
4.600000   17.34888178    3.97047031   45.50785613   34.12915468   49.09544023   14.98841956   15.07934219    0.99397039  1489.93030266  3607.72811318           nan           nan           nan           nan           nan 
4.700000   17.35929644    4.01202178   45.52248514   34.17357206   49.60745022   14.98880844   15.08077514    0.99390173  1492.07764736  3615.64482908           nan           nan           nan           nan           nan 
4.800000   17.36987302    4.05352259   45.53727454   34.21794677   50.12063603   14.98921168   15.08221209    0.99383377  1494.23126175  3623.56585607           nan           nan           nan           nan           nan 
4.900000   17.38061398    4.09497452   45.55222517   34.26228118   50.63502738   14.98962909   15.08365333    0.99376648  1496.38628530  3631.58269379           nan           nan           nan           nan           nan 
5.000000   17.39152560    4.13637829   45.56733751   34.30657649   51.15064840   14.99006056   15.08509910    0.99369984  1498.55791286  3639.58687345           nan           nan           nan           nan           nan 


# dataset 1: optimisation metric
# 1  2  3  4  5  6  7  8  9  
t  metric  metric_raw  dp  pc-gc0-width  pc-pore-length  pc-pore-width  pc-stoma-length  best  
0.000000    6.85114063    1.85114063    5.00000000    0.00000000   -0.22727273   -0.84000000   -0.04255319  no 
0.100000    6.72969786    1.82969786    4.90000000    0.00019339   -0.22699903   -0.83650508   -0.04239123  no 
0.200000    6.60870141    1.80870141    4.80000000    0.00037759   -0.22672516   -0.83300850   -0.04222579  no 
0.300000    6.48813761    1.78813762    4.69999999    0.00055339   -0.22645082   -0.82951105   -0.04205691  no 
0.400000    6.36799282    1.76799283    4.59999999    0.00072152   -0.22617576   -0.82601340   -0.04188464  no 
0.500000    6.24825374    1.74825374    4.50000000    0.00088266   -0.22589967   -0.82251619   -0.04170901  no 
0.600000    6.12890749    1.72890752    4.39999998    0.00103741   -0.22562231   -0.81901996   -0.04153005  no 
0.700000    6.00994161    1.70994160    4.30000001    0.00118632   -0.22534345   -0.81552521   -0.04134779  no 
0.800000    5.89134377    1.69134378    4.19999999    0.00132989   -0.22506296   -0.81203237   -0.04116226  no 
0.900000    5.77310239    1.67310236    4.10000002    0.00146859   -0.22478058   -0.80854184   -0.04097348  no 
1.000000    5.65520605    1.65520605    4.00000000    0.00160287   -0.22449605   -0.80505400   -0.04078146  no 
1.100000    5.53764377    1.63764380    3.89999998    0.00173309   -0.22420917   -0.80156914   -0.04058623  no 
1.200000    5.42040483    1.62040488    3.79999995    0.00185960   -0.22391973   -0.79808752   -0.04038779  no 
1.300000    5.30347916    1.60347911    3.70000005    0.00198272   -0.22362754   -0.79460939   -0.04018617  no 
1.400000    5.18685678    1.58685676    3.60000002    0.00210276   -0.22333241   -0.79113499   -0.03998137  no 
1.500000    5.07052823    1.57052823    3.50000000    0.00221998   -0.22303414   -0.78766448   -0.03977340  no 
1.600000    4.95448429    1.55448432    3.39999998    0.00233463   -0.22273258   -0.78419802   -0.03956226  no 
1.700000    4.83871615    1.53871619    3.29999995    0.00244695   -0.22242754   -0.78073575   -0.03934798  no 
1.800000    4.72321554    1.52321549    3.20000005    0.00255714   -0.22211886   -0.77727780   -0.03913054  no 
1.900000    4.60797396    1.50797394    3.10000002    0.00266540   -0.22180637   -0.77382426   -0.03890995  no 
2.000000    4.49298367    1.49298367    3.00000000    0.00277190   -0.22148991   -0.77037521   -0.03868621  no 
2.100000    4.37823733    1.47823724    2.90000010    0.00287683   -0.22116932   -0.76693075   -0.03845933  no 
2.200000    4.26372747    1.46372752    2.79999995    0.00298032   -0.22084438   -0.76349097   -0.03822931  no 
2.300000    4.14944761    1.44944756    2.70000005    0.00308253   -0.22051499   -0.76005594   -0.03799613  no 
2.400000    4.03539047    1.43539057    2.59999990    0.00318358   -0.22018102   -0.75662568   -0.03775980  no 
2.500000    3.92155006    1.42155006    2.50000000    0.00328359   -0.21984233   -0.75320022   -0.03752032  no 
2.600000    3.80792003    1.40791994    2.40000010    0.00338268   -0.21949876   -0.74977961   -0.03727767  no 
2.700000    3.69449392    1.39449397    2.29999995    0.00348095   -0.21915020   -0.74636380   -0.03703186  no 
2.800000    3.58126655    1.38126650    2.20000005    0.00357852   -0.21879650   -0.74295284   -0.03678288  no 
2.900000    3.46823187    1.36823196    2.09999990    0.00367546   -0.21843753   -0.73954673   -0.03653072  no 
3.000000    3.35538512    1.35538512    2.00000000    0.00377184   -0.21807316   -0.73614549   -0.03627537  no 
3.100000    3.24272073    1.34272064    1.90000010    0.00386776   -0.21770327   -0.73274906   -0.03601683  no 
3.200000    3.13023365    1.33023370    1.79999995    0.00396328   -0.21732774   -0.72935748   -0.03575509  no 
3.300000    3.01791941    1.31791936    1.70000005    0.00405849   -0.21694643   -0.72597069   -0.03549012  no 
3.400000    2.90577300    1.30577309    1.59999990    0.00415342   -0.21655924   -0.72258868   -0.03522193  no 
3.500000    2.79379044    1.29379044    1.50000000    0.00424815   -0.21616603   -0.71921144   -0.03495051  no 
3.600000    2.68196715    1.28196705    1.40000010    0.00434273   -0.21576670   -0.71583893   -0.03467584  no 
3.700000    2.57029873    1.27029878    1.29999995    0.00443720   -0.21536113   -0.71247110   -0.03439791  no 
3.800000    2.45878154    1.25878150    1.20000005    0.00453161   -0.21494931   -0.70910789   -0.03411671  no 
3.900000    2.34741129    1.24741138    1.09999990    0.00462600   -0.21453108   -0.70574928   -0.03383222  no 
4.000000    2.23618461    1.23618461    1.00000000    0.00472043   -0.21410629   -0.70239520   -0.03354444  no 
4.100000    2.12509748    1.22509738    0.90000010    0.00481491   -0.21367486   -0.69904555   -0.03325335  no 
4.200000    2.01414650    1.21414631    0.80000019    0.00490951   -0.21323668   -0.69570032   -0.03295893  no 
4.300000    1.90332778    1.20332798    0.69999981    0.00500423   -0.21279165   -0.69235945   -0.03266117  no 
4.400000    1.79263899    1.19263909    0.59999990    0.00509912   -0.21233966   -0.68902287   -0.03236007  no 
4.500000    1.68207647    1.18207647    0.50000000    0.00519418   -0.21188063   -0.68569055   -0.03205560  no 
4.600000    1.57163706    1.17163696    0.40000010    0.00528948   -0.21141446   -0.68236238   -0.03174774  no 
4.700000    1.46131763    1.16131744    0.30000019    0.00538501   -0.21094107   -0.67903826   -0.03143649  no 
4.800000    1.35111503    1.15111522    0.19999981    0.00548081   -0.21046032   -0.67571819   -0.03112182  no 
4.900000    1.24102714    1.14102724    0.09999990    0.00557689   -0.20997209   -0.67240204   -0.03080372  no 
5.000000    1.13105077    1.13105077    0.00000000    0.00567327   -0.20947611   -0.66908974   -0.03048218  BEST-STATE 
