#
# State information.
#
#


# dataset 0: For the stoma (column numbers are in brackets)
# 1  2  3  4  5  6  7  8  9  10  11  12  13  14  15  16  
t  pore-length  pore-width  stoma-length  stoma-width  pore-area  gc0-height  gc0-width  gc0-ar  gc0-surface-area  gc0-volume  gc1-height  gc1-width  gc1-ar  gc1-surface-area  gc1-volume  
0.000000   17.00000000    2.00000000   45.00000000   32.00000000   26.66142133   15.00000000   15.00000000    1.00000000  1682.89731753  4633.88931046           nan           nan           nan           nan           nan 
0.100000   16.98680591    2.00010457   44.99437226   32.02956785   26.56018277   15.04831891   15.01473164    1.00223695  1687.20882404  4657.15231111           nan           nan           nan           nan           nan 
0.200000   16.97395268    1.99734529   44.98872849   32.06224159   26.42990385   15.09387506   15.03244815    1.00408629  1691.56016598  4680.65925279           nan           nan           nan           nan           nan 
0.300000   16.96132253    1.99239991   44.98307741   32.09734540   26.27763724   15.13749640   15.05247275    1.00564848  1695.95742814  4704.44013838           nan           nan           nan           nan           nan 
0.400000   16.94883561    1.98572275   44.97742491   32.13442165   26.10808735   15.17974579   15.07434945    1.00699177  1700.40181753  4728.50768967           nan           nan           nan           nan           nan 
0.500000   16.93643578    1.97762940   44.97177529   32.17315009   25.92450385   15.22102080   15.09776035    1.00816416  1704.89447653  4752.87271398           nan           nan           nan           nan           nan 
0.600000   16.92408235    1.96834547   44.96613176   32.21330090   25.72919592   15.26161125   15.12247772    1.00920045  1709.43651362  4777.54490671           nan           nan           nan           nan           nan 
0.700000   16.91174499    1.95803611   44.96049689   32.25470558   25.52384268   15.30173448   15.14833473    1.01012651  1714.02902277  4802.53331826           nan           nan           nan           nan           nan 
0.800000   16.89940058    1.94682464   44.95487281   32.29723871   25.30968854   15.34155729   15.17520704    1.01096198  1718.67309662  4827.84663833           nan           nan           nan           nan           nan 
0.900000   16.88703112    1.93480454   44.94926133   32.34080580   25.08766988   15.38121071   15.20300063    1.01172203  1723.36983557  4853.49338272           nan           nan           nan           nan           nan 
1.000000   16.87462230    1.92204768   44.94366409   32.38533509   24.85850004   15.42079964   15.23164370    1.01241862  1728.12035385  4879.48200958           nan           nan           nan           nan           nan 
1.100000   16.86216259    1.90860979   44.93808256   32.43077189   24.62272758   15.46040964   15.26108105    1.01306124  1732.92879651  4905.83174704           nan           nan           nan           nan           nan 
1.200000   16.84964250    1.89453447   44.93251815   32.47707459   24.38077718   15.50011170   15.29127006    1.01365757  1737.79055566  4932.57457008           nan           nan           nan           nan           nan 
1.300000   16.83705407    1.87985591   44.92697220   32.52421165   24.13297889   15.53996569   15.32217787    1.01421389  1742.70929807  4959.64020178           nan           nan           nan           nan           nan 
1.400000   16.82439061    1.86460103   44.92144599   32.57215953   23.87958950   15.58002305   15.35377925    1.01473538  1747.70233830  4987.11316929           nan           nan           nan           nan           nan 
1.500000   16.81164630    1.84879096   44.91594082   32.62090123   23.62080823   15.62032831   15.38605513    1.01522633  1752.73747376  5014.95317142           nan           nan           nan           nan           nan 
1.600000   16.79881611    1.83244221   44.91045796   32.67042470   23.35678865   15.66092092   15.41899125    1.01569037  1757.83585957  5043.17348359           nan           nan           nan           nan           nan 
1.700000   16.78589559    1.81556749   44.90499870   32.72072250   23.08764755   15.70183605   15.45257750    1.01613055  1762.98457941  5071.81775828           nan           nan           nan           nan           nan 
1.800000   16.77288069    1.79817645   44.89956434   32.77179056   22.81347207   15.74310571   15.48680706    1.01654948  1768.21374344  5100.94540194           nan           nan           nan           nan           nan 
1.900000   16.75976780    1.78027621   44.89415620   32.82362795   22.53432486   15.78475904   15.52167587    1.01694941  1773.50247727  5130.41090617           nan           nan           nan           nan           nan 
2.000000   16.74655357    1.76187170   44.88877561   32.87623632   22.25024845   15.82682329   15.55718231    1.01733225  1778.83968845  5160.30034068           nan           nan           nan           nan           nan 
2.100000   16.73323488    1.74296606   44.88342396   32.92961961   21.96126863   15.86932385   15.59332678    1.01769969  1784.26278425  5190.64594372           nan           nan           nan           nan           nan 
2.200000   16.71980882    1.72356087   44.87810267   32.98378366   21.66739701   15.91228491   15.63011140    1.01805320  1789.75430790  5221.45487515           nan           nan           nan           nan           nan 
2.300000   16.70627260    1.70365644   44.87281319   33.03873634   21.36863330   15.95572942   15.66753995    1.01839405  1795.32143778  5252.76337125           nan           nan           nan           nan           nan 
2.400000   16.69262359    1.68325186   44.86755702   33.09448683   21.06496697   15.99967957   15.70561749    1.01872337  1800.96301590  5284.57223062           nan           nan           nan           nan           nan 
2.500000   16.67885920    1.66234523   44.86233571   33.15104604   20.75637882   16.04415703   15.74435040    1.01904217  1806.66954506  5316.76052797           nan           nan           nan           nan           nan 
2.600000   16.66497692    1.64093378   44.85715087   33.20842612   20.44284214   16.08918273   15.78374617    1.01935134  1812.45301474  5349.51023752           nan           nan           nan           nan           nan 
2.700000   16.65097436    1.61901397   44.85200416   33.26664066   20.12432359   16.13477755   15.82381335    1.01965166  1818.30924181  5382.82768744           nan           nan           nan           nan           nan 
2.800000   16.63684908    1.59658152   44.84689726   33.32570422   19.80078427   16.18096185   15.86456135    1.01994385  1824.24289877  5416.62321797           nan           nan           nan           nan           nan 
2.900000   16.62259868    1.57363150   44.84183200   33.38563263   19.47218040   16.22775602   15.90600057    1.02022856  1830.26815951  5450.96423101           nan           nan           nan           nan           nan 
3.000000   16.60822076    1.55015853   44.83681020   33.44644308   19.13846355   16.27518046   15.94814228    1.02050635  1836.37691229  5485.86477676           nan           nan           nan           nan           nan 
3.100000   16.59371299    1.52615660   44.83183378   33.50815344   18.79958175   16.32325554   15.99099842    1.02077776  1842.56881025  5521.35592498           nan           nan           nan           nan           nan 
3.200000   16.57907292    1.50161928   44.82690476   33.57078314   18.45547951   16.37200165   16.03458193    1.02104325  1848.85064947  5557.42108032           nan           nan           nan           nan           nan 
3.300000   16.56429818    1.47653973   44.82202519   33.63435245   18.10609855   16.42143953   16.07890636    1.02130326  1855.22104104  5594.07505413           nan           nan           nan           nan           nan 
3.400000   16.54938629    1.45091075   44.81719725   33.69888246   17.75137787   16.47158992   16.12398586    1.02155820  1861.67852558  5631.40771722           nan           nan           nan           nan           nan 
3.500000   16.53433484    1.42472470   44.81242318   33.76439583   17.39125438   16.52247405   16.16983557    1.02180841  1868.23789151  5669.36184069           nan           nan           nan           nan           nan 
3.600000   16.51914126    1.39797366   44.80770536   33.83091605   17.02566286   16.57411337   16.21647120    1.02205425  1874.90174575  5707.96909247           nan           nan           nan           nan           nan 
3.700000   16.50380304    1.37064952   44.80304624   33.89846754   16.65453682   16.62652969   16.26390901    1.02229603  1881.65552322  5747.23375462           nan           nan           nan           nan           nan 
3.800000   16.48831755    1.34274375   44.79844837   33.96707618   16.27780794   16.67974508   16.31216621    1.02253403  1888.49498347  5787.22403570           nan           nan           nan           nan           nan 
3.900000   16.47268212    1.31424767   44.79391447   34.03676891   15.89540727   16.73378229   16.36126062    1.02276852  1895.45193929  5827.90277239           nan           nan           nan           nan           nan 
4.000000   16.45689410    1.28515244   44.78944734   34.10757351   15.50726485   16.78866446   16.41121054    1.02299976  1902.52161195  5869.34644035           nan           nan           nan           nan           nan 
4.100000   16.44095063    1.25544888   44.78504993   34.17951941   15.11331017   16.84441519   16.46203527    1.02322799  1909.71276756  5911.52901102           nan           nan           nan           nan           nan 
4.200000   16.42484885    1.22512776   44.78072533   34.25263667   14.71347219   16.90105867   16.51375446    1.02345343  1917.00138594  5954.43984949           nan           nan           nan           nan           nan 
4.300000   16.40858591    1.19417965   44.77647683   34.32695746   14.30768005   16.95861959   16.56638891    1.02367629  1924.39894236  5998.21307513           nan           nan           nan           nan           nan 
4.400000   16.39215881    1.16259509   44.77230781   34.40251446   13.89586306   17.01712322   16.61995968    1.02389678  1931.93715074  6042.92212045           nan           nan           nan           nan           nan 
4.500000   16.37556440    1.13036448   44.76822190   34.47934222   13.47795109   17.07659578   16.67448887    1.02411510  1939.57894548  6088.13562974           nan           nan           nan           nan           nan 
4.600000   16.35879952    1.09747815   44.76422289   34.55747604   13.05387460   17.13706374   16.72999895    1.02433143  1947.34365952  6134.26446644           nan           nan           nan           nan           nan 
4.700000   16.34186101    1.06392634   44.76031479   34.63695359   12.62356521   17.19855452   16.78651363    1.02454595  1955.20962373  6181.50372871           nan           nan           nan           nan           nan 
4.800000   16.32474542    1.02969944   44.75650181   34.71781278   12.18695554   17.26109600   16.84405667    1.02475884  1963.24725228  6229.65154089           nan           nan           nan           nan           nan 
4.900000   16.30744934    0.99478769   44.75278844   34.80009437   11.74398060   17.32471728   16.90265334    1.02497028  1971.42535577  6278.75849538           nan           nan           nan           nan           nan 
5.000000   16.28996927    0.95918143   44.74917939   34.88383961   11.29457646   17.38944793   16.96232909    1.02518044  1979.74284696  6328.85756041           nan           nan           nan           nan           nan 


# dataset 1: optimisation metric
# 1  2  3  4  5  6  7  8  9  
t  metric  metric_raw  dp  pc-gc0-width  pc-pore-length  pc-pore-width  pc-stoma-length  best  
0.000000    8.42672163    3.42672163    5.00000000    0.00000000   -0.22727273   -0.84000000   -0.04255319  no 
0.100000    8.32694282    3.42694283    4.90000000    0.00098211   -0.22787246   -0.83999163   -0.04267293  no 
0.200000    8.23241115    3.43241116    4.80000000    0.00216321   -0.22845670   -0.84021238   -0.04279301  no 
0.300000    8.14191520    3.44191521    4.69999999    0.00349818   -0.22903079   -0.84060801   -0.04291325  no 
0.400000    8.05466273    3.45466274    4.59999999    0.00495663   -0.22959838   -0.84114218   -0.04303351  no 
0.500000    7.97011799    3.47011799    4.50000000    0.00651736   -0.23016201   -0.84178965   -0.04315372  no 
0.600000    7.88790977    3.48790979    4.39999998    0.00816518   -0.23072353   -0.84253236   -0.04327379  no 
0.700000    7.80777686    3.50777685    4.30000001    0.00988898   -0.23128432   -0.84335711   -0.04339368  no 
0.800000    7.72953374    3.52953375    4.19999999    0.01168047   -0.23184543   -0.84425403   -0.04351334  no 
0.900000    7.65304931    3.55304928    4.10000002    0.01353338   -0.23240768   -0.84521564   -0.04363274  no 
1.000000    7.57823193    3.57823193    4.00000000    0.01544291   -0.23297171   -0.84623619   -0.04375183  no 
1.100000    7.50502017    3.60502020    3.89999998    0.01740540   -0.23353806   -0.84731122   -0.04387058  no 
1.200000    7.43337569    3.63337573    3.79999995    0.01941800   -0.23410716   -0.84843724   -0.04398898  no 
1.300000    7.36327881    3.66327876    3.70000005    0.02147852   -0.23467936   -0.84961153   -0.04410697  no 
1.400000    7.29472455    3.69472453    3.60000002    0.02358528   -0.23525497   -0.85083192   -0.04422455  no 
1.500000    7.22772101    3.72772101    3.50000000    0.02573701   -0.23583426   -0.85209672   -0.04434168  no 
1.600000    7.16228703    3.76228706    3.39999998    0.02793275   -0.23641745   -0.85340462   -0.04445834  no 
1.700000    7.09845131    3.79845136    3.29999995    0.03017183   -0.23700475   -0.85475460   -0.04457450  no 
1.800000    7.03625146    3.83625141    3.20000005    0.03245380   -0.23759633   -0.85614588   -0.04469012  no 
1.900000    6.97573294    3.87573292    3.10000002    0.03477839   -0.23819237   -0.85757790   -0.04480519  no 
2.000000    6.91694965    3.91694965    3.00000000    0.03714549   -0.23879302   -0.85905026   -0.04491967  no 
2.100000    6.85996318    3.95996309    2.90000010    0.03955512   -0.23939841   -0.86056272   -0.04503353  no 
2.200000    6.80484250    4.00484254    2.79999995    0.04200743   -0.24000869   -0.86211513   -0.04514675  no 
2.300000    6.75166517    4.05166512    2.70000005    0.04450266   -0.24062397   -0.86370749   -0.04525929  no 
2.400000    6.70051605    4.10051615    2.59999990    0.04704117   -0.24124438   -0.86533985   -0.04537113  no 
2.500000    6.65148949    4.15148949    2.50000000    0.04962336   -0.24187004   -0.86701238   -0.04548222  no 
2.600000    6.60468803    4.20468793    2.40000010    0.05224974   -0.24250105   -0.86872530   -0.04559253  no 
2.700000    6.56022375    4.26022379    2.29999995    0.05492089   -0.24313753   -0.87047888   -0.04570204  no 
2.800000    6.51821974    4.31821969    2.20000005    0.05763742   -0.24377959   -0.87227348   -0.04581070  no 
2.900000    6.47880938    4.37880948    2.09999990    0.06040004   -0.24442733   -0.87410948   -0.04591847  no 
3.000000    6.44213870    4.44213870    2.00000000    0.06320949   -0.24508087   -0.87598732   -0.04602531  no 
3.100000    6.40836650    4.50836641    1.90000010    0.06606656   -0.24574032   -0.87790747   -0.04613120  no 
3.200000    6.37766597    4.57766602    1.79999995    0.06897213   -0.24640578   -0.87987046   -0.04623607  no 
3.300000    6.35022681    4.65022676    1.70000005    0.07192709   -0.24707736   -0.88187682   -0.04633989  no 
3.400000    6.32625538    4.72625548    1.59999990    0.07493239   -0.24775517   -0.88392714   -0.04644261  no 
3.500000    6.30597881    4.80597881    1.50000000    0.07798904   -0.24843933   -0.88602202   -0.04654419  no 
3.600000    6.28964524    4.88964514    1.40000010    0.08109808   -0.24912994   -0.88816211   -0.04664457  no 
3.700000    6.27752690    4.97752695    1.29999995    0.08426060   -0.24982713   -0.89034804   -0.04674370  no 
3.800000    6.26992467    5.06992462    1.20000005    0.08747775   -0.25053102   -0.89258050   -0.04684152  no 
3.900000    6.26716921    5.16716930    1.09999990    0.09075071   -0.25124172   -0.89486019   -0.04693799  BEST-STATE 
4.000000    6.26962682    5.26962682    1.00000000    0.09408070   -0.25195936   -0.89718781   -0.04703304  no 
4.100000    6.27770349    5.37770339    0.90000010    0.09746902   -0.25268406   -0.89956409   -0.04712660  no 
4.200000    6.29185046    5.49185027    0.80000019    0.10091696   -0.25341596   -0.90198978   -0.04721861  no 
4.300000    6.31257071    5.61257090    0.69999981    0.10442593   -0.25415519   -0.90446563   -0.04730900  no 
4.400000    6.34042837    5.74042846    0.59999990    0.10799731   -0.25490187   -0.90699239   -0.04739771  no 
4.500000    6.37605558    5.87605558    0.50000000    0.11163259   -0.25565616   -0.90957084   -0.04748464  no 
4.600000    6.42016560    6.02016551    0.40000010    0.11533326   -0.25641820   -0.91220175   -0.04756973  no 
4.700000    6.47356645    6.17356626    0.30000019    0.11910091   -0.25718814   -0.91488589   -0.04765288  no 
4.800000    6.53717581    6.33717600    0.19999981    0.12293711   -0.25796612   -0.91762404   -0.04773400  no 
4.900000    6.61204523    6.51204533    0.09999990    0.12684356   -0.25875230   -0.92041698   -0.04781301  no 
5.000000    6.69938138    6.69938138    0.00000000    0.13082194   -0.25954685   -0.92326549   -0.04788980  no 
