#
# State information.
#
#


# dataset 0: For the stoma (column numbers are in brackets)
# 1  2  3  4  5  6  7  8  9  10  11  12  13  14  15  16  
t  pore-length  pore-width  stoma-length  stoma-width  pore-area  gc0-height  gc0-width  gc0-ar  gc0-surface-area  gc0-volume  gc1-height  gc1-width  gc1-ar  gc1-surface-area  gc1-volume  
0.000000   17.00000000    2.00000000   45.00000000   32.00000000   26.66142133   15.00000000   15.00000000    1.00000000  1682.89731753  4633.88931046           nan           nan           nan           nan           nan 
0.100000   17.05849031    1.73202771   45.04613018   31.72134066   23.61052195   15.11361743   14.99465647    1.00793356  1683.68086584  4646.48522935           nan           nan           nan           nan           nan 
0.200000   17.12584756    1.39194781   45.09946788   31.43190032   19.73845067   15.19710988   15.01997626    1.01179320  1684.55891826  4656.87500297           nan           nan           nan           nan           nan 
0.300000   17.19779496    0.99957228   45.16024943   31.12660038   15.23217728   15.26063517   15.06351405    1.01308600  1685.48653502  4665.75204485           nan           nan           nan           nan           nan 
0.400000   17.27145171    0.56605697   45.22881718   30.80082512   10.19242492   15.31027010   15.11738408    1.01275922  1686.46724803  4672.37890387           nan           nan           nan           nan           nan 
0.500000   17.34473282    0.09775460   45.30569690   30.44974720    4.67318164   15.35012123   15.17599630    1.01147371  1687.64333747  4677.12544826           nan           nan           nan           nan           nan 
0.600000   17.31494948    0.05834556   45.27504033   30.49975240    3.96693328   15.44931942   15.22070342    1.01502007  1696.46601265  4729.10981180           nan           nan           nan           nan           nan 
0.700000   17.28546560    0.02022493   45.24655209   30.57129669    3.29644434   15.53838462   15.27553588    1.01720717  1705.40022052  4780.81285137           nan           nan           nan           nan           nan 
0.800000   17.25516582    0.00000000   45.21923277   30.65638673    2.75671426   15.62520516   15.32945246    1.01929310  1714.54999726  4833.14033777           nan           nan           nan           nan           nan 
0.892158   17.22567171    0.00000000   45.19423385   30.74425435    2.45030830   15.70676398   15.37398088    1.02164586  1723.11920892  4882.19088198           nan           nan           nan           nan           nan 
0.980493   17.19695975    0.00000000   45.17084570   30.83475125    2.19637745   15.78446573   15.41961676    1.02366135  1731.55426313  4930.08328172           nan           nan           nan           nan           nan 
1.069459   17.16740204    0.00000000   45.14760609   30.93125522    1.99269568   15.86317652   15.46720737    1.02560056  1740.22443551  4979.29621578           nan           nan           nan           nan           nan 
1.159022   17.13770249    0.00000000   45.12494121   31.03221762    1.75310938   15.94191110   15.51998109    1.02718625  1749.14681320  5029.94528328           nan           nan           nan           nan           nan 
1.250623   17.10647905    0.00000000   45.10181560   31.14010155    1.56342990   16.02388239   15.57485360    1.02883037  1758.51772396  5082.90304139           nan           nan           nan           nan           nan 
1.343863   17.07379683    0.00000000   45.07825332   31.25452077    1.41993934   16.10891986   15.63199025    1.03050985  1768.26180480  5138.15070568           nan           nan           nan           nan           nan 
1.438423   17.03996807    0.00000000   45.05446902   31.37473279    1.29554337   16.19654310   15.69200495    1.03215256  1778.34357781  5195.56307601           nan           nan           nan           nan           nan 
1.534045   17.00504599    0.00000000   45.03050163   31.50041157    1.18690463   16.28670037   15.75483790    1.03375868  1788.83452705  5255.25951176           nan           nan           nan           nan           nan 
1.630522   16.96909843    0.00000000   45.00639165   31.63130686    1.08938651   16.37938678   15.82020985    1.03534573  1799.68030058  5317.11042305           nan           nan           nan           nan           nan 
1.727686   16.93214035    0.00000000   44.98215614   31.76727174    1.00199314   16.47463298   15.88810550    1.03691614  1810.87844028  5381.15182058           nan           nan           nan           nan           nan 
1.825404   16.89416653    0.00000000   44.95780378   31.90823192    0.92391121   16.57249153   15.95854769    1.03847116  1822.43568126  5447.71605980           nan           nan           nan           nan           nan 
1.923568   16.85522425    0.00000000   44.93337760   32.05408743    0.85138289   16.67300546   16.03149880    1.04001539  1834.35782088  5516.60926103           nan           nan           nan           nan           nan 
2.022090   16.81751442    0.00000000   44.91045778   32.20088178    0.58509025   16.77462006   16.11168888    1.04114598  1846.63468813  5587.52728828           nan           nan           nan           nan           nan 
2.120908   16.77500276    0.00000000   44.88477285   32.35952544    0.66073178   16.88199294   16.18568873    1.04301975  1859.30731097  5661.17777704           nan           nan           nan           nan           nan 
2.219956   16.73256755    0.00000000   44.85984091   32.52120936    0.64432342   16.99140704   16.26535624    1.04463787  1872.40635674  5737.53673614           nan           nan           nan           nan           nan 
2.319191   16.69233626    0.00000000   44.83712091   32.68226165    0.36271830   17.10202336   16.35393736    1.04574348  1885.93511049  5816.86373854           nan           nan           nan           nan           nan 
2.418578   16.64626473    0.00000000   44.81107526   32.85731590    0.48184396   17.21865082   16.43510705    1.04767500  1899.88239085  5898.82309280           nan           nan           nan           nan           nan 
2.518085   16.60428876    0.00000000   44.78859647   33.02848852    0.18741535   17.33595300   16.52967316    1.04877772  1914.24679268  5984.13158585           nan           nan           nan           nan           nan 
2.617691   16.55534628    0.00000000   44.76217833   33.21592247    0.36269222   17.45959997   16.61514992    1.05082410  1929.07728217  6072.53743655           nan           nan           nan           nan           nan 
2.717373   16.51150021    0.00000000   44.74004561   33.39798677    0.05491155   17.58421230   16.71615785    1.05192907  1944.43134943  6164.49483681           nan           nan           nan           nan           nan 
2.817119   16.45982957    0.00000000   44.71357331   33.59816074    0.26452329   17.71534348   16.80686367    1.05405410  1960.29484996  6259.60708340           nan           nan           nan           nan           nan 
2.916915   16.41414917    0.00000000   44.69199306   33.79192340    0.06378928   17.84798121   16.91484171    1.05516691  1976.74331561  6358.92006200           nan           nan           nan           nan           nan 
3.016751   16.35968423    0.00000000   44.66571334   34.00566792    0.17106743   17.98727155   17.01142359    1.05736427  1993.74143612  6461.64249214           nan           nan           nan           nan           nan 
3.116621   16.31199116    0.00000000   44.64484286   34.21236873    0.17457436   18.12878227   17.12702739    1.05848971  2011.37666550  6569.21110328           nan           nan           nan           nan           nan 
3.216516   16.25467664    0.00000000   44.61904547   34.44074535    0.08019344   18.27705669   17.23009491    1.06076355  2029.65257633  6680.74178690           nan           nan           nan           nan           nan 
3.316432   16.20458221    0.00000000   44.59897071   34.66218138    0.26956754   18.42843103   17.35405159    1.06190943  2048.61975402  6797.74546532           nan           nan           nan           nan           nan 
3.416365   16.14417434    0.00000000   44.57393822   34.90665531    0.00640540   18.58664322   17.46430802    1.06426451  2068.31393252  6919.18995287           nan           nan           nan           nan           nan 
3.516312   16.09173983    0.00000000   44.55510637   35.14412522    0.35660814   18.74889779   17.59741509    1.06543476  2088.83217523  7047.06709441           nan           nan           nan           nan           nan 
3.616269   16.02824730    0.00000000   44.53135395   35.40602160    0.07104301   18.91810489   17.71613395    1.06784612  2110.10318999  7179.74966996           nan           nan           nan           nan           nan 
3.716235   15.97324121    0.00000000   44.51414210   35.66154075    0.44076803   19.09244442   17.85910618    1.06905935  2132.30459883  7319.78146640           nan           nan           nan           nan           nan 
3.816207   15.90651143    0.00000000   44.49220842   35.94271684    0.14653550   19.27388906   17.98739564    1.07152194  2155.42766509  7465.58748435           nan           nan           nan           nan           nan 
3.916185   15.84835923    0.00000000   44.47686887   36.21938419    0.49453118   19.46165800   18.13885021    1.07292677  2179.60594169  7619.78778020           nan           nan           nan           nan           nan 
4.016168   15.77788854    0.00000000   44.45726311   36.52252913    0.17491835   19.65673399   18.27700901    1.07548965  2204.74826163  7780.23865302           nan           nan           nan           nan           nan 
4.116154   15.71721530    0.00000000   44.44508719   36.82119513    0.54696548   19.85940409   18.44061553    1.07693824  2231.18631692  7950.94967765           nan           nan           nan           nan           nan 
4.216142   15.64284098    0.00000000   44.42869884   37.14885569    0.20025073   20.06969929   18.58968639    1.07961473  2258.81593232  8129.32177624           nan           nan           nan           nan           nan 
4.316133   15.57966256    0.00000000   44.42073977   37.47213984    0.60235362   20.28906727   18.76719046    1.08109242  2287.84421624  8319.37863972           nan           nan           nan           nan           nan 
4.416126   15.50113213    0.00000000   44.40871280   37.82729149    0.22556798   20.51640701   18.92852581    1.08388827  2318.26536338  8518.36622843           nan           nan           nan           nan           nan 
4.516120   15.43532646    0.00000000   44.40626657   38.17843676    0.65874832   20.75454521   19.12170982    1.08539170  2350.35226840  8731.14748066           nan           nan           nan           nan           nan 
4.616116   15.35244060    0.00000000   44.40010661   38.56450844    0.25027542   21.00104809   19.29688478    1.08831287  2384.06527104  8954.46112465           nan           nan           nan           nan           nan 
4.716112   15.28401351    0.00000000   44.40488058   38.94725895    0.71866908   21.26036358   19.50781608    1.08983822  2419.65201409  9194.52038029           nan           nan           nan           nan           nan 
4.816109   15.19650352    0.00000000   44.40651548   39.36835384    0.27617029   21.52850103   19.69871688    1.09288849  2457.20638480  9446.82452923           nan           nan           nan           nan           nan 
4.916107   15.12534940    0.00000000   44.42068088   39.78724670    0.78098126   21.81179667   19.92984521    1.09442880  2497.08206651  9718.99682576           nan           nan           nan           nan           nan 
5.000000   15.06462812    0.00000000   44.43684947   40.15425014    1.21614939   22.05973101   20.13235450    1.09573528  2532.45741684  9961.69641653           nan           nan           nan           nan           nan 


# dataset 1: optimisation metric
# 1  2  3  4  5  6  7  8  9  
t  metric  metric_raw  dp  pc-gc0-width  pc-pore-length  pc-pore-width  pc-stoma-length  best  
0.000000    6.85114063    1.85114063    5.00000000    0.00000000   -0.22727273   -0.84000000   -0.04255319  BEST-STATE 
0.100000    6.89319295    1.99319295    4.90000000   -0.00035624   -0.22461408   -0.86143778   -0.04157170  no 
0.200000    7.00965279    2.20965279    4.80000000    0.00133175   -0.22155238   -0.88864418   -0.04043685  no 
0.300000    7.23844899    2.53844901    4.69999999    0.00423427   -0.21828205   -0.92003422   -0.03914363  no 
0.400000    7.70448296    3.10448297    4.59999999    0.00782561   -0.21493401   -0.95471544   -0.03768474  no 
0.500000    9.35699924    4.85699924    4.50000000    0.01173309   -0.21160305   -0.99217963   -0.03604900  no 
0.600000    9.77259047    5.37259049    4.39999998    0.01471356   -0.21295684   -0.99533236   -0.03670127  no 
0.700000   10.73122999    6.43122997    4.30000001    0.01836906   -0.21429702   -0.99838201   -0.03730740  no 
0.800000   15.71557345   11.51557346    4.19999999    0.02196350   -0.21567428   -1.00000000   -0.03788866  no 
0.892158   15.62345899   11.51561738    4.10784161    0.02493206   -0.21701492   -1.00000000   -0.03842056  no 
0.980493   15.53516813   11.51566143    4.01950669    0.02797445   -0.21832001   -1.00000000   -0.03891818  no 
1.069459   15.44624862   11.51570794    3.93054068    0.03114716   -0.21966354   -1.00000000   -0.03941264  no 
1.159022   15.35673461   11.51575670    3.84097791    0.03466541   -0.22101352   -1.00000000   -0.03989487  no 
1.250623   15.26518670   11.51580921    3.74937749    0.03832357   -0.22243277   -1.00000000   -0.04038690  no 
1.343863   15.17200280   11.51586557    3.65613723    0.04213268   -0.22391833   -1.00000000   -0.04088823  no 
1.438423   15.07750289   11.51592569    3.56157720    0.04613366   -0.22545600   -1.00000000   -0.04139428  no 
1.534045   14.98194495   11.51598970    3.46595526    0.05032253   -0.22704336   -1.00000000   -0.04190422  no 
1.630522   14.88553608   11.51605762    3.36947846    0.05468066   -0.22867734   -1.00000000   -0.04241720  no 
1.727686   14.78844357   11.51612962    3.27231395    0.05920703   -0.23035726   -1.00000000   -0.04293285  no 
1.825404   14.69080174   11.51620590    3.17459583    0.06390318   -0.23208334   -1.00000000   -0.04345098  no 
1.923568   14.59271882   11.51628660    3.07643223    0.06876659   -0.23385344   -1.00000000   -0.04397069  no 
2.022090   14.49428056   11.51637052    2.97791004    0.07411259   -0.23556753   -1.00000000   -0.04445835  no 
2.120908   14.39555392   11.51646147    2.87909245    0.07904592   -0.23749987   -1.00000000   -0.04500483  no 
2.219956   14.29660094   11.51655710    2.78004384    0.08435708   -0.23942875   -1.00000000   -0.04553530  no 
2.319191   14.19746559   11.51665609    2.68080950    0.09026249   -0.24125744   -1.00000000   -0.04601870  no 
2.418578   14.09818538   11.51676329    2.58142209    0.09567380   -0.24335160   -1.00000000   -0.04657287  no 
2.518085   13.99878897   11.51687374    2.48191524    0.10197821   -0.24525960   -1.00000000   -0.04705114  no 
2.617691   13.89930280   11.51699337    2.38230944    0.10767666   -0.24748426   -1.00000000   -0.04761323  no 
2.717373   13.79974353   11.51711666    2.28262687    0.11441052   -0.24947726   -1.00000000   -0.04808414  no 
2.817119   13.70013078   11.51724990    2.18288088    0.12045758   -0.25182593   -1.00000000   -0.04864738  no 
2.916915   13.60047267   11.51738737    2.08308530    0.12765611   -0.25390231   -1.00000000   -0.04910653  no 
3.016751   13.50078447   11.51753576    1.98324871    0.13409491   -0.25637799   -1.00000000   -0.04966567  no 
3.116621   13.40106874   11.51768928    1.88337946    0.14180183   -0.25854586   -1.00000000   -0.05010973  no 
3.216516   13.30133845   11.51785447    1.78348398    0.14867299   -0.26115106   -1.00000000   -0.05065861  no 
3.316432   13.20159429   11.51802653    1.68356776    0.15693677   -0.26342808   -1.00000000   -0.05108573  no 
3.416365   13.10184535   11.51821074    1.58363461    0.16428720   -0.26617389   -1.00000000   -0.05161834  no 
3.516312   13.00209168   11.51840333    1.48368835    0.17316101   -0.26855728   -1.00000000   -0.05201901  no 
3.616269   12.90234015   11.51860902    1.38373113    0.18107560   -0.27144330   -1.00000000   -0.05252438  no 
3.716235   12.80259012   11.51882480    1.28376532    0.19060708   -0.27394358   -1.00000000   -0.05289059  no 
3.816207   12.70284770   11.51905487    1.18379283    0.19915971   -0.27697675   -1.00000000   -0.05335727  no 
3.916185   12.60311033   11.51929547    1.08381486    0.20925668   -0.27962004   -1.00000000   -0.05368364  no 
4.016168   12.50338535   11.51955300    0.98383236    0.21846727   -0.28282325   -1.00000000   -0.05410078  no 
4.116154   12.40366874   11.51982246    0.88384628    0.22937437   -0.28558112   -1.00000000   -0.05435985  no 
4.216142   12.30396866   11.52011083    0.78385782    0.23931243   -0.28896177   -1.00000000   -0.05470854  no 
4.316133   12.20427963   11.52041313    0.68386650    0.25114603   -0.29183352   -1.00000000   -0.05487788  no 
4.416126   12.10461034   11.52073659    0.58387375    0.26190172   -0.29540308   -1.00000000   -0.05513377  no 
4.516120   12.00495600   11.52107644    0.48387957    0.27478065   -0.29839425   -1.00000000   -0.05518582  no 
4.616116   11.90532372   11.52143977    0.38388395    0.28645899   -0.30216179   -1.00000000   -0.05531688  no 
4.716112   11.80571026   11.52182240    0.28388786    0.30052107   -0.30527211   -1.00000000   -0.05521531  no 
4.816109   11.70612219   11.52223137    0.18389082    0.31324779   -0.30924984   -1.00000000   -0.05518052  no 
4.916107   11.60655653   11.52266323    0.08389330    0.32865635   -0.31248412   -1.00000000   -0.05487913  no 
5.000000   11.52304671   11.52304671    0.00000000    0.34215697   -0.31524418   -1.00000000   -0.05453512  no 
