#
# State information.
#
#


# dataset 0: For the stoma (column numbers are in brackets)
# 1  2  3  4  5  6  7  8  9  10  11  12  13  14  15  16  
t  pore-length  pore-width  stoma-length  stoma-width  pore-area  gc0-height  gc0-width  gc0-ar  gc0-surface-area  gc0-volume  gc1-height  gc1-width  gc1-ar  gc1-surface-area  gc1-volume  
0.000000   17.00000000    2.00000000   45.00000000   32.00000000   26.66142133   12.00000000   15.00000000    0.80000000  1463.01612056  3561.23161106   12.00000000   15.00000000    0.80000000  1463.01612056  3561.23161106 
0.100000   16.94875966    2.25309002   44.99118798   31.74248207   29.44416846   12.44042990   14.74469602    0.84372237  1470.18566378  3621.00382472   12.44042990   14.74469602    0.84372237  1470.18566378  3621.00382472 
0.200000   16.91297839    2.40932199   44.97995533   31.58867091   31.14059981   12.73504460   14.58967446    0.87288066  1477.47860339  3670.58898961   12.73504460   14.58967446    0.87288066  1477.47860339  3670.58898961 
0.300000   16.88534882    2.51121956   44.96728650   31.49570346   32.22856611   12.95473486   14.49224195    0.89390827  1484.89831810  3715.73736371   12.95473486   14.49224195    0.89390827  1484.89831810  3715.73736371 
0.400000   16.86235318    2.57914323   44.95359198   31.44249165   32.93470568   13.13056612   14.43167421    0.90984358  1492.39616996  3759.12775741   13.13056612   14.43167421    0.90984358  1492.39616996  3759.12775741 
0.500000   16.84207305    2.62428057   44.93909357   31.41716123   33.38284648   13.27862775   14.39644033    0.92235493  1500.01445269  3801.38390897   13.27862775   14.39644033    0.92235493  1500.01445269  3801.38390897 
0.600000   16.82337581    2.65332747   44.92393186   31.41243517   33.64693357   13.40817988   14.37955385    0.93244756  1507.78151012  3843.48680694   13.40817988   14.37955385    0.93244756  1507.78151012  3843.48680694 
0.700000   16.80555429    2.67053425   44.90820561   31.42358381   33.77394150   13.52496147   14.37652478    0.94076710  1515.72539666  3885.79052900   13.52496147   14.37652478    0.94076710  1515.72539666  3885.79052900 
0.800000   16.78814769    2.67871970   44.89198924   31.44739676   33.79511915   13.63273418   14.38433853    0.94774842  1523.82372175  3928.61631879   13.63273418   14.38433853    0.94774842  1523.82372175  3928.61631879 
0.900000   16.77084532    2.67981631   44.87534157   31.48162150   33.73200770   13.73407650   14.40090260    0.95369553  1532.09202711  3972.05820163   13.73407650   14.40090260    0.95369553  1532.09202711  3972.05820163 
1.000000   16.75343163    2.67518431   44.85831086   31.52463698   33.59987898   13.83082378   14.42472634    0.95882746  1540.54104013  4016.25543211   13.83082378   14.42472634    0.95882746  1540.54104013  4016.25543211 
1.100000   16.73575318    2.66580033   44.84093782   31.57525358   33.40980208   13.92432439   14.45472662    0.96330597  1549.18549996  4061.43395262   13.92432439   14.45472662    0.96330597  1549.18549996  4061.43395262 
1.200000   16.71769828    2.65237677   44.82325760   31.63258597   33.16994229   14.01559854   14.49010460    0.96725310  1557.99282437  4107.20406214   14.01559854   14.49010460    0.96725310  1557.99282437  4107.20406214 
1.300000   16.69918382    2.63543826   44.80530114   31.69596946   32.88640172   14.10543895   14.53026560    0.97076264  1567.03561400  4154.43760691   14.10543895   14.53026560    0.97076264  1567.03561400  4154.43760691 
1.400000   16.68014657    2.61537403   44.78709622   31.76490320   32.56378390   14.19447684   14.57476459    0.97390780  1576.29538298  4202.90759914   14.19447684   14.57476459    0.97390780  1576.29538298  4202.90759914 
1.500000   16.66053736    2.59247255   44.76866816   31.83901078   32.20558006   14.28322721   14.62326911    0.97674652  1585.78648648  4252.65916123   14.28322721   14.62326911    0.97674652  1585.78648648  4252.65916123 
1.600000   16.64031702    2.56694663   44.75004044   31.91801253   31.81444048   14.37212014   14.67553295    0.97932526  1595.51805138  4303.77391317   14.37212014   14.67553295    0.97932526  1595.51805138  4303.77391317 
1.700000   16.61945364    2.53895080   44.73123512   32.00170554   31.39236934   14.46152282   14.73137737    0.98168165  1605.50308541  4356.36346717   14.46152282   14.73137737    0.98168165  1605.50308541  4356.36346717 
1.800000   16.59792042    2.50859433   44.71227324   32.08994901   30.94086544   14.55175662   14.79067734    0.98384653  1615.74086984  4410.45482257   14.55175662   14.79067734    0.98384653  1615.74086984  4410.45482257 
1.900000   16.57569432    2.47595015   44.69317517   32.18265364   30.46102766   14.64310789   14.85335174    0.98584536  1626.23785592  4466.21657922   14.64310789   14.85335174    0.98584536  1626.23785592  4466.21657922 
2.000000   16.55275497    2.44106233   44.67396086   32.27977359   29.95363347   14.73583794   14.91935563    0.98769936  1637.02155910  4523.74276561   14.73583794   14.91935563    0.98769936  1637.02155910  4523.74276561 
2.100000   16.52908391    2.40395102   44.65465012   32.38130078   29.41919893   14.83018923   14.98867488    0.98942631  1648.10437867  4583.08596062   14.83018923   14.98867488    0.98942631  1648.10437867  4583.08596062 
2.200000   16.50466385    2.36461657   44.63526285   32.48726028   28.85802546   14.92639160   15.06132185    0.99104127  1659.46384891  4643.80462384   14.92639160   15.06132185    0.99104127  1659.46384891  4643.80462384 
2.300000   16.47947842    2.32304278   44.61581919   32.59770739   28.27023600   15.02466631   15.13733231    0.99255708  1671.16405105  4706.93051577   15.02466631   15.13733231    0.99255708  1671.16405105  4706.93051577 
2.400000   16.45351177    2.27919918   44.59633988   32.71272534   27.65580444   15.12522912   15.21676308    0.99398466  1683.21146701  4772.43305464   15.12522912   15.21676308    0.99398466  1683.21146701  4772.43305464 
2.500000   16.42674804    2.23304306   44.57684639   32.83242363   27.01457908   15.22829390   15.29969028    0.99533347  1695.62246374  4840.17940054   15.22829390   15.29969028    0.99533347  1695.62246374  4840.17940054 
2.600000   16.39917159    2.18452114   44.55736127   32.95693713   26.34630238   15.33407497   15.38620800    0.99661170  1708.40560875  4910.34642663   15.33407497   15.38620800    0.99661170  1708.40560875  4910.34642663 
2.700000   16.37076646    2.13357083   44.53790820   33.08642566   25.65062774   15.44278836   15.47642741    0.99782643  1721.58990585  4983.20590518   15.44278836   15.47642741    0.99782643  1721.58990585  4983.20590518 
2.800000   16.34151632    2.08012148   44.51851249   33.22107422   24.92713426   15.55465555   15.57047637    0.99898392  1735.18919301  5058.82904987   15.55465555   15.57047637    0.99898392  1735.18919301  5058.82904987 
2.900000   16.31140447    2.02409534   44.49920124   33.36109269   24.17534000   15.66990304   15.66849867    1.00008963  1749.23059006  5136.98087311   15.66990304   15.66849867    1.00008963  1749.23059006  5136.98087311 
3.000000   16.28041357    1.96540861   44.48000389   33.50671709   23.39471456   15.78876591   15.77065424    1.00114844  1763.73483941  5218.39381862   15.78876591   15.77065424    1.00114844  1763.73483941  5218.39381862 
3.100000   16.24852556    1.90397236   44.46095228   33.65820992   22.58469133   15.91148710   15.87711878    1.00216464  1778.75475870  5303.37027430   15.91148710   15.87711878    1.00216464  1778.75475870  5303.37027430 
3.200000   16.21572167    1.83969355   44.44208163   33.81586230   21.74467976   16.03832102   15.98808438    1.00314213  1794.30100443  5391.83191380   16.03832102   15.98808438    1.00314213  1794.30100443  5391.83191380 
3.300000   16.18198228    1.77247596   44.42343068   33.97999406   20.87407804   16.16953373   16.10375905    1.00408443  1810.41476017  5484.04668016   16.16953373   16.10375905    1.00408443  1810.41476017  5484.04668016 
3.400000   16.14728677    1.70222145   44.40504253   34.15095711   19.97228681   16.30540371   16.22436783    1.00499470  1827.11641224  5580.31983527   16.30540371   16.22436783    1.00499470  1827.11641224  5580.31983527 
3.500000   16.11161351    1.62883100   44.38696539   34.32913542   19.03872353   16.44622469   16.35015221    1.00587594  1844.45431907  5680.87716012   16.44622469   16.35015221    1.00587594  1844.45431907  5680.87716012 
3.600000   16.07493973    1.55220622   44.36925358   34.51494956   18.07283887   16.59230566   16.48137167    1.00673087  1862.44003453  5785.55210192   16.59230566   16.48137167    1.00673087  1862.44003453  5785.55210192 
3.700000   16.03724164    1.47225076   44.35196853   34.70885730   17.07413354   16.74397182   16.61830327    1.00756206  1881.16439009  5895.59252894   16.74397182   16.61830327    1.00756206  1881.16439009  5895.59252894 
3.800000   15.99849403    1.38887209   44.33518028   34.91135621   16.04217870   16.90156746   16.76124206    1.00837202  1900.67082243  6011.06420392   16.90156746   16.76124206    1.00837202  1900.67082243  6011.06420392 
3.900000   15.95867026    1.30198342   44.31896883   35.12298870   14.97663638   17.06545591   16.91050264    1.00916314  1921.00026718  6132.15655177   17.06545591   16.91050264    1.00916314  1921.00026718  6132.15655177 
4.000000   15.91774249    1.21150565   44.30342609   35.34434247   13.87728396   17.23602200   17.06641841    1.00993785  1942.22357914  6259.50726702   17.23602200   17.06641841    1.00993785  1942.22357914  6259.50726702 
4.100000   15.87568128    1.11737007   44.28865820   35.57605577   12.74403904   17.41367054   17.22934285    1.01069847  1964.37752171  6393.54813712   17.41367054   17.22934285    1.01069847  1964.37752171  6393.54813712 
4.200000   15.83245564    1.01952064   44.27478808   35.81882000   11.57698865   17.59883213   17.39964968    1.01144750  1987.52231174  6534.16314565   17.59883213   17.39964968    1.01144750  1987.52231174  6534.16314565 
4.300000   15.78803289    0.91791725   44.26195848   36.07338428   10.37641782   17.79196072   17.57773352    1.01218742  2011.81414782  6683.15344689   17.79196072   17.57773352    1.01218742  2011.81414782  6683.15344689 
4.400000   15.74237883    0.81253815   44.25033575   36.34055948    9.14284293   17.99353647   17.76401067    1.01292083  2037.25246951  6840.66634444   17.99353647   17.76401067    1.01292083  2037.25246951  6840.66634444 
4.500000   15.69545722    0.70338404   44.24011415   36.62122154    7.87704377   18.20406723   17.95891875    1.01365051  2063.97872235  7007.10103535   18.20406723   17.95891875    1.01365051  2063.97872235  7007.10103535 
4.600000   15.64723015    0.59048069   44.23152083   36.91631746    6.58009943   18.42409039   18.16291839    1.01437941  2092.03685753  7183.44695725   18.42409039   18.16291839    1.01437941  2092.03685753  7183.44695725 
4.700000   15.59765792    0.47388303   44.22482175   37.22687006    5.25342047   18.65417337   18.37649351    1.01511060  2121.60112593  7370.48359644   18.65417337   18.37649351    1.01511060  2121.60112593  7370.48359644 
4.800000   15.54669881    0.35367846   44.22032839   37.55398178    3.89878534   18.89491749   18.60015166    1.01584750  2152.84459744  7569.54214269   18.89491749   18.60015166    1.01584750  2152.84459744  7569.54214269 
4.900000   15.49430907    0.22999012   44.21840578   37.89884186    2.51837040   19.14695835   18.83442587    1.01659368  2185.82935020  7781.24075409   19.14695835   18.83442587    1.01659368  2185.82935020  7781.24075409 
5.000000   15.44044280    0.10298061   44.21948117   38.26273155    1.11477977   19.41096783   19.07987547    1.01735296  2220.73456167  8007.28499032   19.41096783   19.07987547    1.01735296  2220.73456167  8007.28499032 


# dataset 1: optimisation metric
# 1  2  3  4  5  6  7  8  9  
t  metric  metric_raw  dp  pc-gc0-width  pc-pore-length  pc-pore-width  pc-stoma-length  best  
0.000000    6.85114063    1.85114063    5.00000000    0.00000000   -0.22727273   -0.84000000   -0.04255319  no 
0.100000    6.63380306    1.73380306    4.90000000   -0.01702027   -0.22960183   -0.81975280   -0.04274068  no 
0.200000    6.46806044    1.66806044    4.80000000   -0.02735504   -0.23122826   -0.80725424   -0.04297967  no 
0.300000    6.32758985    1.62758986    4.69999999   -0.03385054   -0.23248414   -0.79910244   -0.04324922  no 
0.400000    6.20160805    1.60160805    4.59999999   -0.03788839   -0.23352940   -0.79366854   -0.04354060  no 
0.500000    6.08478706    1.58478706    4.50000000   -0.04023731   -0.23445122   -0.79005755   -0.04384907  no 
0.600000    5.97417587    1.57417589    4.39999998   -0.04136308   -0.23530110   -0.78773380   -0.04417166  no 
0.700000    5.86800942    1.56800940    4.30000001   -0.04156501   -0.23611117   -0.78635726   -0.04450626  no 
0.800000    5.76517159    1.56517160    4.19999999   -0.04104410   -0.23690238   -0.78570242   -0.04485129  no 
0.900000    5.66492784    1.56492781    4.10000002   -0.03993983   -0.23768885   -0.78561470   -0.04520550  no 
1.000000    5.56677967    1.56677967    4.00000000   -0.03835158   -0.23848038   -0.78598526   -0.04556785  no 
1.100000    5.47038221    1.57038223    3.89999998   -0.03635156   -0.23928395   -0.78673597   -0.04593749  no 
1.200000    5.37549378    1.57549383    3.79999995   -0.03399303   -0.24010462   -0.78780986   -0.04631367  no 
1.300000    5.28194506    1.58194502    3.70000005   -0.03131563   -0.24094619   -0.78916494   -0.04669572  no 
1.400000    5.18961819    1.58961816    3.60000002   -0.02834903   -0.24181152   -0.79077008   -0.04708306  no 
1.500000    5.09843431    1.59843431    3.50000000   -0.02511539   -0.24270285   -0.79260220   -0.04747515  no 
1.600000    5.00834403    1.60834406    3.39999998   -0.02163114   -0.24362195   -0.79464427   -0.04787148  no 
1.700000    4.91932140    1.61932145    3.29999995   -0.01790818   -0.24457029   -0.79688394   -0.04827159  no 
1.800000    4.83135976    1.63135971    3.20000005   -0.01395484   -0.24554907   -0.79931245   -0.04867504  no 
1.900000    4.74446860    1.64446858    3.10000002   -0.00977655   -0.24655935   -0.80192399   -0.04908138  no 
2.000000    4.65867218    1.65867218    3.00000000   -0.00537629   -0.24760205   -0.80471501   -0.04949019  no 
2.100000    4.57400820    1.67400810    2.90000010   -0.00075501   -0.24867800   -0.80768392   -0.04990106  no 
2.200000    4.49052667    1.69052672    2.79999995    0.00408812   -0.24978801   -0.81083067   -0.05031356  no 
2.300000    4.40829116    1.70829111    2.70000005    0.00915549   -0.25093280   -0.81415658   -0.05072725  no 
2.400000    4.32737736    1.72737746    2.59999990    0.01445087   -0.25211310   -0.81766407   -0.05114170  no 
2.500000    4.24787576    1.74787576    2.50000000    0.01997935   -0.25332963   -0.82135656   -0.05155646  no 
2.600000    4.16989106    1.76989096    2.40000010    0.02574720   -0.25458311   -0.82523831   -0.05197104  no 
2.700000    4.09354451    1.79354455    2.29999995    0.03176183   -0.25587425   -0.82931433   -0.05238493  no 
2.800000    4.01897670    1.81897665    2.20000005    0.03803176   -0.25720380   -0.83359028   -0.05279761  no 
2.900000    3.94634860    1.84634870    2.09999990    0.04456658   -0.25857252   -0.83807237   -0.05320848  no 
3.000000    3.87584682    1.87584682    2.00000000    0.05137695   -0.25998120   -0.84276731   -0.05361694  no 
3.100000    3.80768628    1.90768619    1.90000010    0.05847459   -0.26143066   -0.84768221   -0.05402229  no 
3.200000    3.74211641    1.94211646    1.79999995    0.06587229   -0.26292174   -0.85282452   -0.05442380  no 
3.300000    3.67942891    1.97942886    1.70000005    0.07358394   -0.26445535   -0.85820192   -0.05482062  no 
3.400000    3.61996509    2.01996518    1.59999990    0.08162452   -0.26603242   -0.86382228   -0.05521186  no 
3.500000    3.56412982    2.06412982    1.50000000    0.09001015   -0.26765393   -0.86969352   -0.05559648  no 
3.600000    3.51240550    2.11240540    1.40000010    0.09875811   -0.26932092   -0.87582350   -0.05597333  no 
3.700000    3.46537421    2.16537426    1.29999995    0.10788688   -0.27103447   -0.88221994   -0.05634110  no 
3.800000    3.42374777    2.22374772    1.20000005    0.11741614   -0.27279573   -0.88889023   -0.05669829  no 
3.900000    3.38840729    2.28840739    1.09999990    0.12736684   -0.27460590   -0.89584133   -0.05704322  no 
4.000000    3.36046499    2.36046499    1.00000000    0.13776123   -0.27646625   -0.90307955   -0.05737391  no 
4.100000    3.34135094    2.44135085    0.90000010    0.14862286   -0.27837812   -0.91061039   -0.05768812  no 
4.200000    3.33295103    2.53295084    0.80000019    0.15997665   -0.28034293   -0.91843835   -0.05798323  BEST-STATE 
4.300000    3.33782543    2.63782562    0.69999981    0.17184890   -0.28236214   -0.92656662   -0.05825620  no 
4.400000    3.35958250    2.75958259    0.59999990    0.18426738   -0.28443733   -0.93499695   -0.05850349  no 
4.500000    3.40354420    2.90354420    0.50000000    0.19726125   -0.28657013   -0.94372928   -0.05872098  no 
4.600000    3.47805895    3.07805886    0.40000010    0.21086123   -0.28876227   -0.95276155   -0.05890381  no 
4.700000    3.59736484    3.29736465    0.30000019    0.22509957   -0.29101555   -0.96208936   -0.05904635  no 
4.800000    3.78893337    3.58893356    0.19999981    0.24001011   -0.29333187   -0.97170572   -0.05914195  no 
4.900000    4.11771570    4.01771580    0.09999990    0.25562839   -0.29571322   -0.98160079   -0.05918286  no 
5.000000    4.81838230    4.81838230    0.00000000    0.27199170   -0.29816169   -0.99176155   -0.05915998  no 
