#
# State information.
#
#


# dataset 0: For the stoma (column numbers are in brackets)
# 1  2  3  4  5  6  7  8  9  10  11  12  13  14  15  16  
t  pore-length  pore-width  stoma-length  stoma-width  pore-area  gc0-height  gc0-width  gc0-ar  gc0-surface-area  gc0-volume  gc1-height  gc1-width  gc1-ar  gc1-surface-area  gc1-volume  
0.000000   17.00000000    2.00000000   45.00000000   32.00000000   26.66142133   18.75000000   15.00000000    1.25000000  1971.80692420  5974.22474178           nan           nan           nan           nan           nan 
0.100000   17.03932006    1.85519181   45.02288757   32.42142546   24.92560893   18.52329268   15.28311682    1.21201015  1978.25987785  6025.57940703           nan           nan           nan           nan           nan 
0.200000   17.06785910    1.78612988   45.05024220   32.76829404   23.96821146   18.35370377   15.49108208    1.18479159  1984.74652573  6071.00718194           nan           nan           nan           nan           nan 
0.300000   17.08978180    1.76556283   45.08116768   33.06770563   23.52313552   18.22192270   15.65107140    1.16426040  1991.35139326  6113.87278030           nan           nan           nan           nan           nan 
0.400000   17.10727309    1.77813399   45.11497175   33.33403420   23.43679387   18.11729902   15.77795011    1.14826697  1997.89537970  6154.08507151           nan           nan           nan           nan           nan 
0.500000   17.12167240    1.81414677   45.15113153   33.57652581   23.61016773   18.03263277   15.88118952    1.13547117  2004.56020807  6192.57991549           nan           nan           nan           nan           nan 
0.600000   17.13383465    1.86673982   45.18930213   33.80216944   23.97239528   17.96267694   15.96771481    1.12493723  2011.24167668  6230.02525182           nan           nan           nan           nan           nan 
0.700000   17.14433791    1.93072055   45.22914661   34.01498795   24.47457341   17.90406823   16.04213370    1.11606527  2017.91309377  6266.64456720           nan           nan           nan           nan           nan 
0.800000   17.15336868    2.00407513   45.27046093   34.21700048   25.09405056   17.85458261   16.10646267    1.10853531  2024.67789115  6302.84753362           nan           nan           nan           nan           nan 
0.900000   17.16126296    2.08497118   45.31310013   34.41043997   25.80798724   17.81211805   16.16273439    1.10204855  2031.46732168  6338.67588883           nan           nan           nan           nan           nan 
1.000000   17.16836229    2.17163123   45.35696143   34.59710765   26.59711182   17.77500355   16.21273821    1.09636036  2038.25595749  6374.21612688           nan           nan           nan           nan           nan 
1.100000   17.17493503    2.26233718   45.40191838   34.77870321   27.44424795   17.74238813   16.25818302    1.09128973  2045.11706864  6409.51359942           nan           nan           nan           nan           nan 
1.200000   17.18095696    2.35595223   45.44785511   34.95731688   28.33977420   17.71346259   16.30068232    1.08667001  2051.96455688  6444.53405900           nan           nan           nan           nan           nan 
1.300000   17.18642329    2.45272690   45.49465561   35.13201427   29.28336475   17.68812323   16.33964369    1.08252809  2058.93181815  6479.66475920           nan           nan           nan           nan           nan 
1.400000   17.19145121    2.55204082   45.54225081   35.30333376   30.26781928   17.66581321   16.37564647    1.07878570  2065.83991394  6514.68555014           nan           nan           nan           nan           nan 
1.500000   17.19617508    2.65328509   45.59060675   35.47224736   31.28602352   17.64597797   16.40948114    1.07535259  2072.82517817  6549.99039745           nan           nan           nan           nan           nan 
1.600000   17.20070189    2.75604069   45.63968813   35.63947797   32.33298229   17.62825537   16.44171864    1.07216622  2079.89714531  6585.11422013           nan           nan           nan           nan           nan 
1.700000   17.20506741    2.86020178   45.68942410   35.80432749   33.40706561   17.61261535   16.47206286    1.06924163  2087.03016148  6620.40037218           nan           nan           nan           nan           nan 
1.800000   17.20935272    2.96550149   45.73979211   35.96706223   34.50504957   17.59877670   16.50078037    1.06654208  2094.18890609  6655.90789826           nan           nan           nan           nan           nan 
1.900000   17.21363999    3.07170808   45.79078341   36.12793016   35.62406198   17.58649623   16.52811104    1.06403546  2101.43376788  6691.27555356           nan           nan           nan           nan           nan 
2.000000   17.21800274    3.17864549   45.84238708   36.28715134   36.76187946   17.57555687   16.55425292    1.06169435  2108.71195271  6726.93346166           nan           nan           nan           nan           nan 
2.100000   17.22250755    3.28616071   45.89459622   36.44489765   37.91663033   17.56587541   16.57936847    1.05950208  2116.06578939  6762.69148675           nan           nan           nan           nan           nan 
2.200000   17.22722313    3.39413106   45.94742191   36.60132647   39.08674541   17.55726242   16.60359770    1.05743723  2123.43956277  6798.56626755           nan           nan           nan           nan           nan 
2.300000   17.23221885    3.50244594   46.00087321   36.75657511   40.27081267   17.54964960   16.62706459    1.05548694  2130.87106751  6834.91328399           nan           nan           nan           nan           nan 
2.400000   17.23755802    3.61103010   46.05495143   36.91076899   41.46783018   17.54265070   16.64986944    1.05362092  2138.36057692  6871.01327104           nan           nan           nan           nan           nan 
2.500000   17.24330823    3.71982133   46.10966885   37.06401348   42.67694090   17.53595662   16.67209607    1.05181475  2145.93630197  6907.65749918           nan           nan           nan           nan           nan 
2.600000   17.24952532    3.82878244   46.16503859   37.21642876   43.89763111   17.52987313   16.69382316    1.05008140  2153.52527101  6944.69315316           nan           nan           nan           nan           nan 
2.700000   17.25625619    3.93785203   46.22105300   37.36809874   45.12936053   17.52449989   16.71512336    1.04842181  2161.16393554  6982.08054671           nan           nan           nan           nan           nan 
2.800000   17.26356012    4.04697514   46.27771950   37.51907110   46.37157704   17.51978648   16.73604798    1.04682936  2168.89052896  7019.63492642           nan           nan           nan           nan           nan 
2.900000   17.27148438    4.15613341   46.33505487   37.66942549   47.62413745   17.51568043   16.75664604    1.04529751  2176.64940600  7057.42041189           nan           nan           nan           nan           nan 
3.000000   17.28009388    4.26527572   46.39307988   37.81920147   48.88655303   17.51213312   16.77696288    1.04382022  2184.52644397  7095.23884850           nan           nan           nan           nan           nan 
3.100000   17.28943965    4.37437844   46.45180893   37.96845579   50.15869508   17.50913060   16.79703867    1.04239390  2192.48848197  7133.57806430           nan           nan           nan           nan           nan 
3.200000   17.29956990    4.48342776   46.51126075   38.11723566   51.44055386   17.50664520   16.81690395    1.04101476  2200.51965665  7172.14427307           nan           nan           nan           nan           nan 
3.300000   17.31053734    4.59241629   46.57146025   38.26559114   52.73217207   17.50463915   16.83658743    1.03967857  2208.62252414  7211.21949223           nan           nan           nan           nan           nan 
3.400000   17.32239732    4.70132732   46.63242424   38.41356707   54.03354428   17.50311208   16.85611987    1.03838322  2216.83057164  7250.73517095           nan           nan           nan           nan           nan 
3.500000   17.33520266    4.81015038   46.69417691   38.56119537   55.34473582   17.50192821   16.87552249    1.03711919  2225.06680882  7290.41151634           nan           nan           nan           nan           nan 
3.600000   17.34901062    4.91888189   46.75674832   38.70850229   56.66582822   17.50091696   16.89481020    1.03587532  2233.40598327  7330.35811864           nan           nan           nan           nan           nan 
3.700000   17.36387479    5.02753925   46.82017064   38.85551167   57.99709442   17.50005364   16.91398621    1.03464987  2241.80407507  7370.41154926           nan           nan           nan           nan           nan 
3.800000   17.37984473    5.13610435   46.88446367   39.00228786   59.33865062   17.49951577   16.93309176    1.03345071  2250.27827696  7410.82266705           nan           nan           nan           nan           nan 
3.900000   17.39696616    5.24456501   46.94965267   39.14885855   60.69069657   17.49936557   16.95214677    1.03228021  2258.84367526  7451.67856811           nan           nan           nan           nan           nan 
4.000000   17.41528070    5.35292625   47.01577091   39.29525232   62.05360919   17.49960542   16.97116303    1.03113766  2267.50522897  7493.10008586           nan           nan           nan           nan           nan 
4.100000   17.43483374    5.46119165   47.08283353   39.44149256   63.42772670   17.50023067   16.99015045    1.03002211  2276.25368224  7534.94545795           nan           nan           nan           nan           nan 
4.200000   17.45566934    5.56936669   47.15085220   39.58760548   64.81341559   17.50123644   17.00911939    1.02893254  2285.07470302  7577.28915661           nan           nan           nan           nan           nan 
4.300000   17.47782823    5.67746353   47.21985126   39.73362255   66.21114863   17.50261652   17.02807951    1.02786791  2293.97844256  7620.09422406           nan           nan           nan           nan           nan 
4.400000   17.50134969    5.78549647   47.28985476   39.87957668   67.62143853   17.50436509   17.04704010    1.02682724  2303.01381796  7663.24946238           nan           nan           nan           nan           nan 
4.500000   17.52627808    5.89347196   47.36089420   40.02549076   69.04470014   17.50647807   17.06600940    1.02580971  2312.11687846  7706.90842706           nan           nan           nan           nan           nan 
4.600000   17.55265540    6.00140047   47.43299747   40.17139053   70.48140022   17.50895143   17.08499503    1.02481455  2321.31839544  7750.99829353           nan           nan           nan           nan           nan 
4.700000   17.58052093    6.10929394   47.50619054   40.31730366   71.93203275   17.51178205   17.10400486    1.02384104  2330.55411366  7795.74325541           nan           nan           nan           nan           nan 
4.800000   17.60991597    6.21716356   47.58049846   40.46325302   73.39709776   17.51496720   17.12304473    1.02288860  2339.95191185  7840.81059913           nan           nan           nan           nan           nan 
4.900000   17.64088023    6.32502365   47.65595460   40.60926914   74.87714653   17.51850450   17.14212275    1.02195654  2349.46040080  7886.43494352           nan           nan           nan           nan           nan 
5.000000   17.67345220    6.43288851   47.73258901   40.75537682   76.37273069   17.52239215   17.16124415    1.02104439  2359.06754807  7932.60481166           nan           nan           nan           nan           nan 


# dataset 1: optimisation metric
# 1  2  3  4  5  6  7  8  9  
t  metric  metric_raw  dp  pc-gc0-width  pc-pore-length  pc-pore-width  pc-stoma-length  best  
0.000000    6.85114063    1.85114063    5.00000000    0.00000000   -0.22727273   -0.84000000   -0.04255319  no 
0.100000    6.82534685    1.92534685    4.90000000    0.01887445   -0.22548545   -0.85158466   -0.04206622  no 
0.200000    6.76288845    1.96288846    4.80000000    0.03273881   -0.22418822   -0.85710961   -0.04148421  no 
0.300000    6.67438432    1.97438433    4.69999999    0.04340476   -0.22319174   -0.85875497   -0.04082622  no 
0.400000    6.56739526    1.96739527    4.59999999    0.05186334   -0.22239668   -0.85774928   -0.04010698  no 
0.500000    6.44757700    1.94757700    4.50000000    0.05874597   -0.22174216   -0.85486826   -0.03933763  no 
0.600000    6.31931799    1.91931801    4.39999998    0.06451432   -0.22118933   -0.85066081   -0.03852549  no 
0.700000    6.18599662    1.88599661    4.30000001    0.06947558   -0.22071191   -0.84554236   -0.03767773  no 
0.800000    6.04913350    1.84913351    4.19999999    0.07376418   -0.22030142   -0.83967399   -0.03679870  no 
0.900000    5.91002565    1.81002563    4.10000002    0.07751563   -0.21994259   -0.83320231   -0.03589149  no 
1.000000    5.76979581    1.76979581    4.00000000    0.08084921   -0.21961990   -0.82626950   -0.03495827  no 
1.100000    5.62939168    1.72939170    3.89999998    0.08387887   -0.21932114   -0.81901303   -0.03400174  no 
1.200000    5.48938141    1.68938146    3.79999995    0.08671215   -0.21904741   -0.81152382   -0.03302436  no 
1.300000    5.34968258    1.64968253    3.70000005    0.08930958   -0.21879894   -0.80378185   -0.03202860  no 
1.400000    5.21056388    1.61056385    3.60000002    0.09170976   -0.21857040   -0.79583673   -0.03101594  no 
1.500000    5.07224903    1.57224903    3.50000000    0.09396541   -0.21835568   -0.78773719   -0.02998709  no 
1.600000    4.93485796    1.53485798    3.39999998    0.09611458   -0.21814991   -0.77951674   -0.02894281  no 
1.700000    4.79838003    1.49838008    3.29999995    0.09813752   -0.21795148   -0.77118386   -0.02788459  no 
1.800000    4.66285795    1.46285790    3.20000005    0.10005202   -0.21775669   -0.76275988   -0.02681293  no 
1.900000    4.52831389    1.42831386    3.10000002    0.10187407   -0.21756182   -0.75426335   -0.02572801  no 
2.000000    4.39474727    1.39474727    3.00000000    0.10361686   -0.21736351   -0.74570836   -0.02463006  no 
2.100000    4.26214802    1.36214793    2.90000010    0.10529123   -0.21715875   -0.73710714   -0.02351923  no 
2.200000    4.13049557    1.33049562    2.79999995    0.10690651   -0.21694440   -0.72846951   -0.02239528  no 
2.300000    3.99976702    1.29976697    2.70000005    0.10847097   -0.21671733   -0.71980433   -0.02125802  no 
2.400000    3.86992970    1.26992980    2.59999990    0.10999130   -0.21647464   -0.71111759   -0.02010742  no 
2.500000    3.74095033    1.24095033    2.50000000    0.11147307   -0.21621326   -0.70241429   -0.01894322  no 
2.600000    3.61279084    1.21279074    2.40000010    0.11292154   -0.21593067   -0.69369740   -0.01776514  no 
2.700000    3.48542200    1.18542205    2.29999995    0.11434156   -0.21562472   -0.68497184   -0.01657334  no 
2.800000    3.35881533    1.15881528    2.20000005    0.11573653   -0.21529272   -0.67624199   -0.01536767  no 
2.900000    3.23293477    1.13293487    2.09999990    0.11710974   -0.21493253   -0.66750933   -0.01414777  no 
3.000000    3.10775505    1.10775505    2.00000000    0.11846419   -0.21454119   -0.65877794   -0.01291319  no 
3.100000    2.98324577    1.08324567    1.90000010    0.11980258   -0.21411638   -0.65004972   -0.01166364  no 
3.200000    2.85937648    1.05937652    1.79999995    0.12112693   -0.21365591   -0.64132578   -0.01039871  no 
3.300000    2.73611808    1.03611803    1.70000005    0.12243916   -0.21315739   -0.63260670   -0.00911787  no 
3.400000    2.61344445    1.01344455    1.59999990    0.12374132   -0.21261830   -0.62389381   -0.00782076  no 
3.500000    2.49133079    0.99133079    1.50000000    0.12503483   -0.21203624   -0.61518797   -0.00650687  no 
3.600000    2.36975174    0.96975165    1.40000010    0.12632068   -0.21140861   -0.60648945   -0.00517557  no 
3.700000    2.24867953    0.94867958    1.29999995    0.12759908   -0.21073296   -0.59779686   -0.00382616  no 
3.800000    2.12809589    0.92809584    1.20000005    0.12887278   -0.21000706   -0.58911165   -0.00245822  no 
3.900000    2.00798152    0.90798162    1.09999990    0.13014312   -0.20922881   -0.58043480   -0.00107122  no 
4.000000    1.88831612    0.88831612    1.00000000    0.13141087   -0.20839633   -0.57176590    0.00033555  no 
4.100000    1.76908013    0.86908004    0.90000010    0.13267670   -0.20750756   -0.56310467    0.00176242  no 
4.200000    1.65025510    0.85025491    0.80000019    0.13394129   -0.20656048   -0.55445066    0.00320962  no 
4.300000    1.53182214    0.83182233    0.69999981    0.13520530   -0.20555326   -0.54580292    0.00467769  no 
4.400000    1.41376458    0.81376468    0.59999990    0.13646934   -0.20448411   -0.53716028    0.00616712  no 
4.500000    1.29606658    0.79606658    0.50000000    0.13773396   -0.20335100   -0.52852224    0.00767860  no 
4.600000    1.17871306    0.77871296    0.40000010    0.13899967   -0.20215203   -0.51988796    0.00921271  no 
4.700000    1.06168965    0.76168946    0.30000019    0.14026699   -0.20088541   -0.51125648    0.01077001  no 
4.800000    0.94498245    0.74498264    0.19999981    0.14153632   -0.19954927   -0.50262691    0.01235103  no 
4.900000    0.82857935    0.72857945    0.09999990    0.14280818   -0.19814181   -0.49399811    0.01395648  no 
5.000000    0.71246763    0.71246763    0.00000000    0.14408294   -0.19666126   -0.48536892    0.01558700  BEST-STATE 
