#
# State information.
#
#


# dataset 0: For the stoma (column numbers are in brackets)
# 1  2  3  4  5  6  7  8  9  10  11  12  13  14  15  16  
t  pore-length  pore-width  stoma-length  stoma-width  pore-area  gc0-height  gc0-width  gc0-ar  gc0-surface-area  gc0-volume  gc1-height  gc1-width  gc1-ar  gc1-surface-area  gc1-volume  
0.000000   17.00000000    2.00000000   45.00000000   32.00000000   26.66142133   15.00000000   15.00000000    1.00000000  1682.89731753  4633.88931046           nan           nan           nan           nan           nan 
0.012500   16.99856125    2.07483278   45.00804545   32.11486629   27.30204487   15.02333626   15.02001675    1.00022101  1688.90181877  4662.40969745           nan           nan           nan           nan           nan 
0.042500   16.99653208    2.25312087   45.03578199   32.38508585   28.89553169   15.08284065   15.06598249    1.00111896  1703.73882332  4732.90380160           nan           nan           nan           nan           nan 
0.086500   16.99994477    2.50111419   45.09727047   32.77350545   31.23724277   15.17339173   15.13619563    1.00245743  1726.68573020  4841.52734049           nan           nan           nan           nan           nan 
0.141433   17.01855225    2.78194040   45.20774488   33.24887598   34.04707401   15.28980935   15.23346779    1.00369854  1757.30673669  4986.33034199           nan           nan           nan           nan           nan 
0.194275   17.05379737    3.02076769   45.34756377   33.69596243   36.57373554   15.40614322   15.33759737    1.00446914  1788.83921297  5135.47114394           nan           nan           nan           nan           nan 
0.256548   17.11751515    3.26305306   45.54998791   34.20783329   39.28683558   15.54992574   15.47239012    1.00501123  1828.33450538  5323.35630984           nan           nan           nan           nan           nan 
0.291367   17.16262847    3.38037479   45.67809546   34.48583317   40.66640543   15.63363594   15.55272919    1.00520209  1851.33296441  5433.44171588           nan           nan           nan           nan           nan 
0.339223   17.23360027    3.52116239   45.86763120   34.85704947   42.39149090   15.75237006   15.66794354    1.00538849  1883.80175527  5589.99803965           nan           nan           nan           nan           nan 
0.397507   17.32988378    3.66228485   46.11292350   35.29050255   44.21641370   15.90190345   15.81410885    1.00555166  1924.25005456  5786.88972901           nan           nan           nan           nan           nan 
0.464135   17.44611639    3.78647816   46.40241396   35.75885272   45.93034770   16.07757998   15.98618728    1.00571698  1970.96910612  6017.19015448           nan           nan           nan           nan           nan 
0.537437   17.57315725    3.88334024   46.72013569   36.23918104   47.37702640   16.27372766   16.17792040    1.00592210  2021.95955582  6272.89581428           nan           nan           nan           nan           nan 
0.616078   17.70121032    3.94887435   47.04961419   36.71392298   48.46660825   16.48402584   16.38252431    1.00619572  2075.38066233  6545.39812485           nan           nan           nan           nan           nan 
0.697241   17.82021439    3.98337328   47.37065363   37.16193962   49.16104998   16.69776559   16.58928317    1.00653931  2128.43723512  6820.83703665           nan           nan           nan           nan           nan 
0.782171   17.92913872    3.99175799   47.68296838   37.58890295   49.50526742   16.91540074   16.79857248    1.00695465  2181.25307742  7100.32489559           nan           nan           nan           nan           nan 
0.870115   18.02582312    3.97820473   47.98065281   37.99085474   49.53875418   17.13262057   17.00632501    1.00742639  2232.98540416  7378.54861678           nan           nan           nan           nan           nan 
0.915293   18.06968939    3.96451628   48.12383580   38.18311262   49.45441495   17.24068427   17.10929817    1.00767922  2258.36799777  7516.83375776           nan           nan           nan           nan           nan 
0.971435   18.11926341    3.94252110   48.29308844   38.40986586   49.27198432   17.37152433   17.23367238    1.00799899  2288.84067706  7684.41143474           nan           nan           nan           nan           nan 
1.036348   18.17043281    3.91156435   48.47751999   38.65667963   48.97273902   17.51800346   17.37255764    1.00837216  2322.60593363  7872.26604409           nan           nan           nan           nan           nan 
1.108279   18.22035873    3.87197006   48.66885757   38.91283131   48.55383963   17.67434525   17.52043062    1.00878487  2358.31402972  8072.94076548           nan           nan           nan           nan           nan 
1.185824   18.26730871    3.82475889   48.86115432   39.17076540   48.02449082   17.83601689   17.67300326    1.00922388  2394.85259811  8281.12146054           nan           nan           nan           nan           nan 
1.267860   18.31040013    3.77132058   49.05037260   39.42542696   47.40109431   17.99957085   17.82705319    1.00967730  2431.53864983  8492.26053017           nan           nan           nan           nan           nan 
1.353489   18.34934175    3.71314800   49.23394442   39.67361879   46.70306776   18.16246939   17.98023540    1.01013524  2467.84287535  8703.44284665           nan           nan           nan           nan           nan 
1.441992   18.38421583    3.65166199   49.41037798   39.91346836   45.94990594   18.32290840   18.13090318    1.01058994  2503.35119423  8912.44487022           nan           nan           nan           nan           nan 
1.532794   18.41531610    3.58811617   49.57893467   40.14401054   45.15943452   18.47965670   18.27794719    1.01103568  2537.89887248  9117.50282968           nan           nan           nan           nan           nan 
1.625436   18.44303751    3.52355945   49.73938465   40.36488342   44.34697906   18.63191867   18.42066199    1.01146846  2571.30208772  9317.87370016           nan           nan           nan           nan           nan 
1.719549   18.46780443    3.45883477   49.89182520   40.57611275   43.52513767   18.77922177   18.55863899    1.01188572  2603.46883882  9513.07352847           nan           nan           nan           nan           nan 
1.814840   18.49003005    3.39459682   50.03655243   40.77796364   42.70390334   18.92132854   18.69168341    1.01228595  2634.49433345  9702.24187239           nan           nan           nan           nan           nan 
1.911073   18.51009405    3.33133841   50.17397499   40.97083664   41.89095908   19.05816793   18.81974912    1.01266854  2664.32609111  9885.60534958           nan           nan           nan           nan           nan 
2.008059   18.52833295    3.26941848   50.30455637   41.15520859   41.09203471   19.18978453   18.94289505    1.01303335  2693.01483701  10063.06517538           nan           nan           nan           nan           nan 
2.105648   18.54503846    3.20908821   50.42877626   41.33158398   40.31126229   19.31629992   19.06124789    1.01338066  2720.54283335  10235.02224754           nan           nan           nan           nan           nan 
2.203719   18.56045926    3.15051401   50.54710865   41.50047016   39.55149873   19.43788719   19.17497808    1.01371105  2746.98749182  10401.41514185           nan           nan           nan           nan           nan 
2.302176   18.57480466    3.09379697   50.66000605   41.66236019   38.81460234   19.55474806   19.28428161    1.01402523  2772.44956971  10562.09921160           nan           nan           nan           nan           nan 
2.400941   18.58825040    3.03898799   50.76789379   41.81772327   38.10166331   19.66710138   19.38936764    1.01432402  2796.94772454  10717.82663977           nan           nan           nan           nan           nan 
2.499954   18.60094285    2.98610139   50.87116480   41.96700382   37.41318922   19.77517128   19.49045122    1.01460818  2820.58661364  10868.37852401           nan           nan           nan           nan           nan 
2.599164   18.61300325    2.93512350   50.97018194   42.11061001   36.74925300   19.87918282   19.58774325    1.01487867  2843.33691263  11014.50854016           nan           nan           nan           nan           nan 
2.698531   18.62453270    2.88602126   51.06527376   42.24892426   36.10960835   19.97935438   19.68145150    1.01513623  2865.29036874  11156.19156917           nan           nan           nan           nan           nan 
2.798026   18.63561487    2.83874768   51.15674114   42.38229752   35.49378032   20.07589769   19.77177492    1.01538166  2886.49412573  11293.65677606           nan           nan           nan           nan           nan 
2.897621   18.64631903    2.79324627   51.24485636   42.51105213   34.90113394   20.16901398   19.85890293    1.01561572  2906.95215742  11427.16517154           nan           nan           nan           nan           nan 
2.997298   18.65670300    2.74945474   51.32986593   42.63548374   34.33092711   20.25889540   19.94301450    1.01583917  2926.78801232  11556.83564834           nan           nan           nan           nan           nan 
3.097039   18.66681445    2.70730722   51.41199350   42.75586414   33.78234980   20.34572172   20.02427846    1.01605268  2946.00009264  11682.90845653           nan           nan           nan           nan           nan 
3.196832   18.67669344    2.66673619   51.49144220   42.87244415   33.25455459   20.42966175   20.10285398    1.01625678  2964.68263573  11805.17384588           nan           nan           nan           nan           nan 
3.296666   18.68637300    2.62767416   51.56839466   42.98545074   32.74667861   20.51087475   20.17888829    1.01645217  2982.75153840  11924.55686887           nan           nan           nan           nan           nan 
3.396533   18.69588089    2.59005415   51.64301872   43.09509563   32.25785909   20.58950901   20.25252074    1.01663932  3000.30012336  12040.89810125           nan           nan           nan           nan           nan 
3.496427   18.70524025    2.55381089   51.71546507   43.20157242   31.78724581   20.66570282   20.32388076    1.01681874  3017.34187789  12154.15192367           nan           nan           nan           nan           nan 
3.596343   18.71447039    2.51888102   51.78587198   43.30505753   31.33400901   20.73958492   20.39308825    1.01699089  3033.92259815  12264.83143107           nan           nan           nan           nan           nan 
3.696275   18.72358775    2.48520342   51.85436535   43.40571594   30.89734512   20.81127739   20.46025626    1.01715624  3050.07172253  12372.90139169           nan           nan           nan           nan           nan 
3.796221   18.73260570    2.45271951   51.92105961   43.50370026   30.47648010   20.88089180   20.52549037    1.01731512  3065.79639401  12478.38065613           nan           nan           nan           nan           nan 
3.896177   18.74153578    2.42137334   51.98605967   43.59914780   30.07067209   20.94853306   20.58888723    1.01746796  3081.11107953  12581.28163696           nan           nan           nan           nan           nan 
3.996142   18.75038755    2.39111146   52.04946232   43.69219017   29.67921233   21.01430035   20.65053935    1.01761508  3096.04831998  12681.90570349           nan           nan           nan           nan           nan 
4.096115   18.75916910    2.36188316   52.11135530   43.78294754   29.30142548   21.07828426   20.71053219    1.01775677  3110.63725225  12780.50792036           nan           nan           nan           nan           nan 
4.196092   18.76788723    2.33364025   52.17182016   43.87152958   28.93666928   21.14057112   20.76894467    1.01789337  3124.88449994  12877.02048808           nan           nan           nan           nan           nan 
4.296074   18.77654767    2.30633697   52.23093176   43.95804214   28.58433402   21.20124149   20.82585259    1.01802514  3138.80480782  12971.53410422           nan           nan           nan           nan           nan 
4.396060   18.78515518    2.27993000   52.28875828   44.04257965   28.24384158   21.26036930   20.88132483    1.01815232  3152.41385960  13064.13405180           nan           nan           nan           nan           nan 
4.496049   18.79371381    2.25437835   52.34536505   44.12523460   27.91464403   21.31802607   20.93542813    1.01827514  3165.74649562  13154.81169851           nan           nan           nan           nan           nan 
4.596040   18.80222714    2.22964320   52.40080976   44.20608807   27.59622274   21.37427711   20.98822244    1.01839387  3178.77434903  13243.81986815           nan           nan           nan           nan           nan 
4.696033   18.81069779    2.20568778   52.45514822   44.28522110   27.28808668   21.42918491   21.03976666    1.01850868  3191.52395176  13331.07888223           nan           nan           nan           nan           nan 
4.796027   18.81912839    2.18247733   52.50843096   44.36270714   26.98977125   21.48280716   21.09011491    1.01861973  3204.01111553  13416.70614139           nan           nan           nan           nan           nan 
4.896022   18.82752097    2.15997894   52.56070566   44.43861294   26.70083694   21.53519917   21.13931700    1.01872729  3216.25277904  13500.79810913           nan           nan           nan           nan           nan 
4.996018   18.83587706    2.13816151   52.61201620   44.51300621   26.42086763   21.58641195   21.18742235    1.01883144  3228.25993179  13583.44310177           nan           nan           nan           nan           nan 
5.000000   18.83620906    2.13730642   52.61403990   44.51593781   26.40989935   21.58842754   21.18931569    1.01883552  3228.73323349  13586.70377713           nan           nan           nan           nan           nan 


# dataset 1: optimisation metric
# 1  2  3  4  5  6  7  8  9  
t  metric  metric_raw  dp  pc-gc0-width  pc-pore-length  pc-pore-width  pc-stoma-length  best  
0.000000    6.85114063    1.85114063    5.00000000    0.00000000   -0.22727273   -0.84000000   -0.04255319  no 
0.012500    6.80229119    1.81479119    4.98750000    0.00133445   -0.22733813   -0.83401338   -0.04238201  no 
0.042500    6.69076416    1.73326416    4.95750000    0.00439883   -0.22743036   -0.81975033   -0.04179187  no 
0.086500    6.54356853    1.63006852    4.91350000    0.00907971   -0.22727524   -0.79991086   -0.04048361  no 
0.141433    6.38349713    1.52492994    4.85856719    0.01556452   -0.22642944   -0.77744477   -0.03813309  no 
0.194275    6.24921121    1.44348575    4.80572546    0.02250649   -0.22482739   -0.75833858   -0.03515822  no 
0.256548    6.11047034    1.36701830    4.74345204    0.03149267   -0.22193113   -0.73895576   -0.03085132  no 
0.291367    6.04053719    1.33190449    4.70863271    0.03684861   -0.21988052   -0.72957002   -0.02812563  no 
0.339223    5.95199679    1.29121958    4.66077721    0.04452957   -0.21665453   -0.71830701   -0.02409295  no 
0.397507    5.85436929    1.25187645    4.60249284    0.05427392   -0.21227801   -0.70701721   -0.01887397  no 
0.464135    5.75420094    1.21833563    4.53586531    0.06574582   -0.20699471   -0.69708175   -0.01271460  no 
0.537437    5.65540249    1.19283915    4.46256334    0.07852803   -0.20122012   -0.68933278   -0.00595456  no 
0.616078    5.55986042    1.17593873    4.38392168    0.09216829   -0.19539953   -0.68409005    0.00105562  no 
0.697241    5.46998742    1.16722831    4.30275911    0.10595221   -0.18999025   -0.68133014    0.00788625  no 
0.782171    5.38312502    1.16529603    4.21782899    0.11990483   -0.18503915   -0.68065936    0.01453124  no 
0.870115    5.29893253    1.16904763    4.12988490    0.13375500   -0.18064440   -0.68174362    0.02086495  no 
0.915293    5.25743831    1.17273105    4.08470726    0.14061988   -0.17865048   -0.68283870    0.02391140  no 
0.971435    5.20719675    1.17863158    4.02856517    0.14891149   -0.17639712   -0.68459831    0.02751252  no 
1.036348    5.15060342    1.18695188    3.96365154    0.15817051   -0.17407124   -0.68707485    0.03143660  no 
1.108279    5.08937521    1.19765468    3.89172053    0.16802871   -0.17180188   -0.69024240    0.03550761  no 
1.185824    5.02470383    1.21052810    3.81417572    0.17820022   -0.16966779   -0.69401929    0.03959903  no 
1.267860    4.95740212    1.22526217    3.73213995    0.18847021   -0.16770909   -0.69829435    0.04362495  no 
1.353489    4.88802254    1.24151122    3.64651132    0.19868236   -0.16593901   -0.70294816    0.04753073  no 
1.441992    4.81694426    1.25893583    3.55800843    0.20872688   -0.16435383   -0.70786704    0.05128464  no 
1.532794    4.74443284    1.27722672    3.46720612    0.21852981   -0.16294018   -0.71295071    0.05487095  no 
1.625436    4.67067976    1.29611559    3.37456417    0.22804413   -0.16168011   -0.71811524    0.05828478  no 
1.719549    4.59582826    1.31537755    3.28045070    0.23724260   -0.16055434   -0.72329322    0.06152820  no 
1.814840    4.51998886    1.33482894    3.18515992    0.24611223   -0.15954409   -0.72843225    0.06460750  no 
1.911073    4.44325004    1.35432277    3.08892727    0.25464994   -0.15863209   -0.73349293    0.06753138  no 
2.008059    4.36568470    1.37374349    2.99194121    0.26285967   -0.15780305   -0.73844652    0.07030971  no 
2.105648    4.28735395    1.39300176    2.89435220    0.27074986   -0.15704371   -0.74327294    0.07295269  no 
2.203719    4.20831080    1.41202970    2.79628110    0.27833187   -0.15634276   -0.74795888    0.07547040  no 
2.302176    4.12860097    1.43077673    2.69782424    0.28561877   -0.15569070   -0.75249624    0.07787247  no 
2.400941    4.04826505    1.44920619    2.59905887    0.29262451   -0.15507953   -0.75688096    0.08016795  no 
2.499954    3.96733869    1.46729220    2.50004649    0.29936341   -0.15450260   -0.76111189    0.08236521  no 
2.599164    3.88585410    1.48501763    2.40083647    0.30584955   -0.15395440   -0.76519012    0.08447196  no 
2.698531    3.80384062    1.50237201    2.30146861    0.31209677   -0.15343033   -0.76911830    0.08649519  no 
2.798026    3.72132421    1.51935005    2.20197415    0.31811833   -0.15292660   -0.77290019    0.08844130  no 
2.897621    3.63832915    1.53595054    2.10237861    0.32392686   -0.15244004   -0.77654030    0.09031609  no 
2.997298    3.55487748    1.55217525    2.00270224    0.32953430   -0.15196805   -0.78004362    0.09212481  no 
3.097039    3.47098953    1.56802828    1.90296125    0.33495190   -0.15150843   -0.78341542    0.09387220  no 
3.196832    3.38668381    1.58351551    1.80316830    0.34019027   -0.15105939   -0.78666111    0.09556260  no 
3.296666    3.30197806    1.59864397    1.70333409    0.34525922   -0.15061941   -0.78978607    0.09719989  no 
3.396533    3.21688820    1.61342169    1.60346651    0.35016805   -0.15018723   -0.79279567    0.09878763  no 
3.496427    3.13142995    1.62785724    1.50357270    0.35492538   -0.14976181   -0.79569513    0.10032904  no 
3.596343    3.04561704    1.64195961    1.40365744    0.35953922   -0.14934226   -0.79848952    0.10182706  no 
3.696275    2.95946326    1.65573802    1.30372524    0.36401708   -0.14892783   -0.80118373    0.10328437  no 
3.796221    2.87298123    1.66920177    1.20377946    0.36836602   -0.14851792   -0.80378244    0.10470340  no 
3.896177    2.78618309    1.68236014    1.10382295    0.37259248   -0.14811201   -0.80629013    0.10608638  no 
3.996142    2.69908024    1.69522238    1.00385785    0.37670262   -0.14770966   -0.80871108    0.10743537  no 
4.096115    2.61168291    1.70779755    0.90388536    0.38070215   -0.14731050   -0.81104935    0.10875224  no 
4.196092    2.52400239    1.72009452    0.80390787    0.38459631   -0.14691422   -0.81330878    0.11003873  no 
4.296074    2.43604760    1.73212199    0.70392561    0.38839017   -0.14652056   -0.81549304    0.11129642  no 
4.396060    2.34782842    1.74388841    0.60394001    0.39208832   -0.14612931   -0.81760560    0.11252677  no 
4.496049    2.25935304    1.75540196    0.50395107    0.39569521   -0.14574028   -0.81964973    0.11373117  no 
4.596040    2.17063082    1.76667059    0.40396023    0.39921483   -0.14535331   -0.82162854    0.11491085  no 
4.696033    2.08166946    1.77770198    0.30396748    0.40265111   -0.14496828   -0.82354498    0.11606698  no 
4.796027    1.99247686    1.78850357    0.20397329    0.40600766   -0.14458507   -0.82540181    0.11720066  no 
4.896022    1.90306065    1.79908249    0.10397816    0.40928780   -0.14420359   -0.82720168    0.11831289  no 
4.996018    1.81342727    1.80944567    0.00398159    0.41249482   -0.14382377   -0.82894708    0.11940460  no 
5.000000    1.80985396    1.80985396    0.00000000    0.41262105   -0.14380868   -0.82901549    0.11944766  BEST-STATE 
