#
# State information.
#
#


# dataset 0: For the stoma (column numbers are in brackets)
# 1  2  3  4  5  6  7  8  9  10  11  12  13  14  15  16  
t  pore-length  pore-width  stoma-length  stoma-width  pore-area  gc0-height  gc0-width  gc0-ar  gc0-surface-area  gc0-volume  gc1-height  gc1-width  gc1-ar  gc1-surface-area  gc1-volume  
0.000000   17.00000000    2.00000000   45.00000000   32.00000000   26.66142133   15.00000000   15.00000000    1.00000000  1682.89731753  4633.88931046           nan           nan           nan           nan           nan 
0.100000   17.00357628    2.04844300   45.00560608   32.06372578   27.10824464   15.00187767   15.00764139    0.99961595  1685.40080713  4645.02893818           nan           nan           nan           nan           nan 
0.200000   17.00698863    2.09747880   45.01145249   32.12665571   27.56619875   15.00442632   15.01458846    0.99932318  1687.90653582  4656.21941554           nan           nan           nan           nan           nan 
0.300000   17.01026483    2.14693657   45.01752563   32.18892656   28.03327237   15.00750676   15.02099500    0.99910204  1690.42785962  4667.42828901           nan           nan           nan           nan           nan 
0.400000   17.01342761    2.19668585   45.02381416   32.25064555   28.50788354   15.01101237   15.02697985    0.99893741  1692.94777341  4678.68839031           nan           nan           nan           nan           nan 
0.500000   17.01649577    2.24662627   45.03030875   32.31189787   28.98877444   15.01486057   15.03263580    0.99881756  1695.48845143  4689.96199016           nan           nan           nan           nan           nan 
0.600000   17.01948521    2.29667985   45.03700164   32.37275204   29.47493188   15.01898683   15.03803609    0.99873326  1698.00260558  4701.36620091           nan           nan           nan           nan           nan 
0.700000   17.02240958    2.34678569   45.04388625   32.43326381   29.96553307   15.02334024   15.04323906    0.99867722  1700.52614733  4712.81039171           nan           nan           nan           nan           nan 
0.800000   17.02528073    2.39689606   45.05095713   32.49347913   30.45990390   15.02788030   15.04829153    0.99864362  1703.08680387  4724.15223743           nan           nan           nan           nan           nan 
0.900000   17.02810906    2.44697344   45.05820965   32.55343610   30.95748829   15.03257465   15.05323133    0.99862776  1705.65070897  4735.48623749           nan           nan           nan           nan           nan 
1.000000   17.03090389    2.49698827   45.06563991   32.61316675   31.45782375   15.03739726   15.05808924    0.99862586  1708.23555657  4746.95313043           nan           nan           nan           nan           nan 
1.100000   17.03367361    2.54691720   45.07324456   32.67269784   31.96052299   15.04232712   15.06289032    0.99863484  1710.82588331  4758.45125319           nan           nan           nan           nan           nan 
1.200000   17.03642588    2.59674191   45.08102078   32.73205245   32.46526119   15.04734715   15.06765527    0.99865220  1713.43342004  4770.01330471           nan           nan           nan           nan           nan 
1.300000   17.03916765    2.64644819   45.08896620   32.79125035   32.97176538   15.05244346   15.07240108    0.99867588  1716.05895427  4781.69198203           nan           nan           nan           nan           nan 
1.400000   17.04190548    2.69602484   45.09707888   32.85030842   33.47980217   15.05760470   15.07714179    0.99870419  1718.68446085  4793.35621372           nan           nan           nan           nan           nan 
1.500000   17.04464547    2.74546325   45.10535724   32.90924150   33.98917438   15.06282163   15.08188912    0.99873574  1721.32389875  4805.05976869           nan           nan           nan           nan           nan 
1.600000   17.04739335    2.79475689   45.11379997   32.96806246   34.49971309   15.06808669   15.08665279    0.99876937  1723.97431247  4816.81246149           nan           nan           nan           nan           nan 
1.700000   17.05015454    2.84390104   45.12240599   33.02678275   35.01127570   15.07339364   15.09144086    0.99880414  1726.62076598  4828.68957859           nan           nan           nan           nan           nan 
1.800000   17.05293413    2.89289230   45.13117440   33.08541262   35.52374094   15.07873745   15.09626016    0.99883927  1729.29369372  4840.54335033           nan           nan           nan           nan           nan 
1.900000   17.05573708    2.94172841   45.14010462   33.14396083   36.03700339   15.08411400   15.10111621    0.99887411  1731.95327239  4852.48742767           nan           nan           nan           nan           nan 
2.000000   17.05856817    2.99040788   45.14919619   33.20243549   36.55097330   15.08951995   15.10601380    0.99890813  1734.64933507  4864.44591565           nan           nan           nan           nan           nan 
2.100000   17.06143199    3.03893006   45.15844886   33.26084375   37.06557393   15.09495264   15.11095685    0.99894089  1737.35722585  4876.45803751           nan           nan           nan           nan           nan 
2.200000   17.06433301    3.08729470   45.16786262   33.31919193   37.58073915   15.10040992   15.11594862    0.99897203  1740.07711070  4888.52463757           nan           nan           nan           nan           nan 
2.300000   17.06727561    3.13550222   45.17743762   33.37748587   38.09641281   15.10589013   15.12099183    0.99900128  1742.80915642  4900.64655680           nan           nan           nan           nan           nan 
2.400000   17.07026397    3.18355346   45.18717402   33.43573081   38.61254835   15.11139195   15.12608868    0.99902839  1745.55352054  4912.82462515           nan           nan           nan           nan           nan 
2.500000   17.07330221    3.23144960   45.19707212   33.49393189   39.12910676   15.11691439   15.13124114    0.99905317  1748.30944722  4925.06416697           nan           nan           nan           nan           nan 
2.600000   17.07639430    3.27919209   45.20713231   33.55209351   39.64605614   15.12245673   15.13645071    0.99907548  1751.07894160  4937.35690208           nan           nan           nan           nan           nan 
2.700000   17.07954425    3.32678235   45.21735516   33.61021996   40.16336902   15.12801848   15.14171880    0.99909519  1753.86122712  4949.70824299           nan           nan           nan           nan           nan 
2.800000   17.08275590    3.37422240   45.22774127   33.66831493   40.68102463   15.13359933   15.14704627    0.99911224  1756.65645907  4962.11899748           nan           nan           nan           nan           nan 
2.900000   17.08603304    3.42151427   45.23829122   33.72638237   41.19900727   15.13919914   15.15243405    0.99912655  1759.45737355  4974.63540770           nan           nan           nan           nan           nan 
3.000000   17.08937939    3.46865988   45.24900582   33.78442550   41.71730459   15.14481790   15.15788281    0.99913808  1762.28507382  4987.11381666           nan           nan           nan           nan           nan 
3.100000   17.09279869    3.51566136   45.25988600   33.84244752   42.23590664   15.15045574   15.16339308    0.99914680  1765.11506598  4999.67652323           nan           nan           nan           nan           nan 
3.200000   17.09629460    3.56252098   45.27093264   33.90045142   42.75480800   15.15611291   15.16896522    0.99915272  1767.96224368  5012.33023582           nan           nan           nan           nan           nan 
3.300000   17.09987073    3.60924077   45.28214681   33.95844007   43.27400678   15.16178967   15.17459965    0.99915583  1770.82169980  5025.03235039           nan           nan           nan           nan           nan 
3.400000   17.10353063    3.65582335   45.29352951   34.01641607   43.79350329   15.16748641   15.18029636    0.99915615  1773.69796423  5037.81710866           nan           nan           nan           nan           nan 
3.500000   17.10727783    3.70227075   45.30508184   34.07438231   44.31330058   15.17320357   15.18605578    0.99915368  1776.57224102  5050.73723679           nan           nan           nan           nan           nan 
3.600000   17.11111579    3.74858534   45.31680498   34.13234138   44.83340445   15.17894165   15.19187802    0.99914847  1779.47681989  5063.65285256           nan           nan           nan           nan           nan 
3.700000   17.11504798    3.79476976   45.32870013   34.19029522   45.35382222   15.18470114   15.19776273    0.99914056  1782.39575312  5076.63519760           nan           nan           nan           nan           nan 
3.800000   17.11907780    3.84082603   45.34076849   34.24824667   45.87456384   15.19048266   15.20371032    0.99912997  1785.32919922  5089.68510356           nan           nan           nan           nan           nan 
3.900000   17.12320866    3.88675666   45.35301143   34.30619788   46.39564055   15.19628678   15.20972061    0.99911676  1788.28010066  5102.85461711           nan           nan           nan           nan           nan 
4.000000   17.12744389    3.93256390   45.36543024   34.36415124   46.91706518   15.20211412   15.21579367    0.99910096  1791.24806855  5115.95195809           nan           nan           nan           nan           nan 
4.100000   17.13178685    3.97825027   45.37802631   34.42210841   47.43885307   15.20796536   15.22192907    0.99908266  1794.22472809  5129.19601738           nan           nan           nan           nan           nan 
4.200000   17.13624083    4.02381778   45.39080104   34.48007202   47.96101999   15.21384116   15.22812712    0.99906187  1797.21102107  5142.45954531           nan           nan           nan           nan           nan 
4.300000   17.14080909    4.06926918   45.40375593   34.53804398   48.48358406   15.21974219   15.23438740    0.99903867  1800.21597366  5155.87629938           nan           nan           nan           nan           nan 
4.400000   17.14549489    4.11460638   45.41689247   34.59602666   49.00656290   15.22566918   15.24071014    0.99901311  1803.24013897  5169.37851911           nan           nan           nan           nan           nan 
4.500000   17.15030149    4.15983200   45.43021211   34.65402150   49.52997790   15.23162280   15.24709475    0.99898525  1806.26340693  5182.97727278           nan           nan           nan           nan           nan 
4.600000   17.15523207    4.20494819   45.44371650   34.71203113   50.05385016   15.23760381   15.25354147    0.99895515  1809.32245151  5196.63199961           nan           nan           nan           nan           nan 
4.700000   17.16028982    4.24995708   45.45740715   34.77005720   50.57820135   15.24361293   15.26005006    0.99892287  1812.39210777  5210.34265021           nan           nan           nan           nan           nan 
4.800000   17.16547793    4.29486084   45.47128570   34.82810211   51.10305573   15.24965090   15.26662064    0.99888844  1815.46614159  5224.17448093           nan           nan           nan           nan           nan 
4.900000   17.17079952    4.33966208   45.48535383   34.88616729   51.62843702   15.25571844   15.27325261    0.99885197  1818.55623321  5238.07377529           nan           nan           nan           nan           nan 
5.000000   17.17625773    4.38436270   45.49961317   34.94425511   52.15437089   15.26181632   15.27994621    0.99881349  1821.67927057  5252.03573040           nan           nan           nan           nan           nan 


# dataset 1: optimisation metric
# 1  2  3  4  5  6  7  8  9  
t  metric  metric_raw  dp  pc-gc0-width  pc-pore-length  pc-pore-width  pc-stoma-length  best  
0.000000    8.42672163    3.42672163    5.00000000    0.00000000   -0.22727273   -0.84000000   -0.04255319  no 
0.100000    8.23945777    3.33945777    4.90000000    0.00050943   -0.22711017   -0.83612456   -0.04243391  no 
0.200000    8.05433246    3.25433247    4.80000000    0.00097256   -0.22695506   -0.83220170   -0.04230952  no 
0.300000    7.87156406    3.17156407    4.69999999    0.00139967   -0.22680614   -0.82824507   -0.04218031  no 
0.400000    7.69126968    3.09126968    4.59999999    0.00179866   -0.22666238   -0.82426513   -0.04204651  no 
0.500000    7.51349646    3.01349646    4.50000000    0.00217572   -0.22652292   -0.82026990   -0.04190832  no 
0.600000    7.33824386    2.93824388    4.39999998    0.00253574   -0.22638704   -0.81626561   -0.04176592  no 
0.700000    7.16547893    2.86547891    4.30000001    0.00288260   -0.22625411   -0.81225714   -0.04161944  no 
0.800000    6.99514670    2.79514671    4.19999999    0.00321944   -0.22612360   -0.80824831   -0.04146900  no 
0.900000    6.82717828    2.72717826    4.10000002    0.00354876   -0.22599504   -0.80424212   -0.04131469  no 
1.000000    6.66149579    2.66149579    4.00000000    0.00387262   -0.22586801   -0.80024094   -0.04115660  no 
1.100000    6.49801668    2.59801670    3.89999998    0.00419269   -0.22574211   -0.79624662   -0.04099480  no 
1.200000    6.33665606    2.53665611    3.79999995    0.00451035   -0.22561701   -0.79226065   -0.04082935  no 
1.300000    6.17732871    2.47732866    3.70000005    0.00482674   -0.22549238   -0.78828414   -0.04066029  no 
1.400000    6.01995022    2.41995019    3.60000002    0.00514279   -0.22536793   -0.78431801   -0.04048768  no 
1.500000    5.86443840    2.36443840    3.50000000    0.00545927   -0.22524339   -0.78036294   -0.04031155  no 
1.600000    5.71071349    2.31071351    3.39999998    0.00577685   -0.22511848   -0.77641945   -0.04013192  no 
1.700000    5.55869843    2.25869848    3.29999995    0.00609606   -0.22499298   -0.77248792   -0.03994881  no 
1.800000    5.40831946    2.20831941    3.20000005    0.00641734   -0.22486663   -0.76856862   -0.03976225  no 
1.900000    5.25950566    2.15950564    3.10000002    0.00674108   -0.22473922   -0.76466173   -0.03957224  no 
2.000000    5.11218985    2.11218985    3.00000000    0.00706759   -0.22461054   -0.76076737   -0.03937880  no 
2.100000    4.96630795    2.06630785    2.90000010    0.00739712   -0.22448036   -0.75688560   -0.03918194  no 
2.200000    4.82179872    2.02179877    2.79999995    0.00772991   -0.22434850   -0.75301642   -0.03898165  no 
2.300000    4.67860466    1.97860461    2.70000005    0.00806612   -0.22421475   -0.74915982   -0.03877792  no 
2.400000    4.53667019    1.93667029    2.59999990    0.00840591   -0.22407891   -0.74531572   -0.03857077  no 
2.500000    4.39594350    1.89594350    2.50000000    0.00874941   -0.22394081   -0.74148403   -0.03836017  no 
2.600000    4.25637472    1.85637463    2.40000010    0.00909671   -0.22380026   -0.73766463   -0.03814612  no 
2.700000    4.11791672    1.81791677    2.29999995    0.00944792   -0.22365708   -0.73385741   -0.03792861  no 
2.800000    3.98052512    1.78052508    2.20000005    0.00980308   -0.22351110   -0.73006221   -0.03770763  no 
2.900000    3.84415701    1.74415710    2.09999990    0.01016227   -0.22336213   -0.72627886   -0.03748317  no 
3.000000    3.70877272    1.70877272    2.00000000    0.01052552   -0.22321003   -0.72250721   -0.03725520  no 
3.100000    3.57433380    1.67433370    1.90000010    0.01089287   -0.22305461   -0.71874709   -0.03702370  no 
3.200000    3.44080366    1.64080370    1.79999995    0.01126435   -0.22289570   -0.71499832   -0.03678867  no 
3.300000    3.30814844    1.60814839    1.70000005    0.01163998   -0.22273315   -0.71126074   -0.03655007  no 
3.400000    3.17633463    1.57633472    1.59999990    0.01201976   -0.22256679   -0.70753413   -0.03630788  no 
3.500000    3.04533171    1.54533171    1.50000000    0.01240372   -0.22239646   -0.70381834   -0.03606209  no 
3.600000    2.91510970    1.51510961    1.40000010    0.01279187   -0.22222201   -0.70011317   -0.03581266  no 
3.700000    2.78563994    1.48563999    1.29999995    0.01318418   -0.22204327   -0.69641842   -0.03555957  no 
3.800000    2.65689617    1.45689612    1.20000005    0.01358069   -0.22186010   -0.69273392   -0.03530280  no 
3.900000    2.52885214    1.42885224    1.09999990    0.01398137   -0.22167233   -0.68905947   -0.03504231  no 
4.000000    2.40148393    1.40148393    1.00000000    0.01438624   -0.22147982   -0.68539489   -0.03477808  no 
4.100000    2.27476784    1.37476774    0.90000010    0.01479527   -0.22128242   -0.68173998   -0.03451008  no 
4.200000    2.14868176    1.34868157    0.80000019    0.01520847   -0.22107996   -0.67809458   -0.03423828  no 
4.300000    2.02320368    1.32320388    0.69999981    0.01562583   -0.22087231   -0.67445847   -0.03396264  no 
4.400000    1.89831447    1.29831456    0.59999990    0.01604734   -0.22065932   -0.67083149   -0.03368314  no 
4.500000    1.77399400    1.27399400    0.50000000    0.01647298   -0.22044084   -0.66721344   -0.03339974  no 
4.600000    1.65022376    1.25022367    0.40000010    0.01690276   -0.22021672   -0.66360415   -0.03311241  no 
4.700000    1.52698603    1.22698584    0.30000019    0.01733667   -0.21998683   -0.66000343   -0.03282112  no 
4.800000    1.40426333    1.20426352    0.19999981    0.01777471   -0.21975100   -0.65641113   -0.03252584  no 
4.900000    1.28204011    1.18204021    0.09999990    0.01821684   -0.21950911   -0.65282703   -0.03222651  no 
5.000000    1.16030042    1.16030042    0.00000000    0.01866308   -0.21926101   -0.64925098   -0.03192312  BEST-STATE 
