#
# State information.
#
#


# dataset 0: For the stoma (column numbers are in brackets)
# 1  2  3  4  5  6  7  8  9  10  11  12  13  14  15  16  
t  pore-length  pore-width  stoma-length  stoma-width  pore-area  gc0-height  gc0-width  gc0-ar  gc0-surface-area  gc0-volume  gc1-height  gc1-width  gc1-ar  gc1-surface-area  gc1-volume  
0.000000   17.00000000    2.00000000   45.00000000   32.00000000   26.66142133   18.75000000   15.00000000    1.25000000  1971.80692420  5974.22474178   18.75000000   15.00000000    1.25000000  1971.80692420  5974.22474178 
0.100000   17.02035318    1.57397684   44.99307026   32.43887293   21.84775822   18.53437158   15.43244804    1.20100010  1982.36210854  6061.96850692   18.53437158   15.43244804    1.20100010  1982.36210854  6061.96850692 
0.200000   17.02038483    1.27629745   44.98735548   32.78123498   18.32555537   18.40506479   15.75246876    1.16839240  1993.29612781  6143.11385071   18.40506479   15.75246876    1.16839240  1993.29612781  6143.11385071 
0.300000   17.00912542    1.05300891   44.98292795   33.06517816   15.57870245   18.33312175   16.00608462    1.14538453  2004.61452432  6222.05558368   18.33312175   16.00608462    1.14538453  2004.61452432  6222.05558368 
0.400000   16.99097735    0.87604392   44.97970070   33.31177580   13.32976245   18.30095035   16.21786594    1.12844380  2016.24596494  6300.34046983   18.30095035   16.21786594    1.12844380  2016.24596494  6300.34046983 
0.500000   16.96831333    0.72936833   44.97756383   33.53361595   11.41631435   18.29748994   16.40212381    1.11555614  2028.24429624  6379.16838610   18.29748994   16.40212381    1.11555614  2028.24429624  6379.16838610 
0.600000   16.94250865    0.60317278   44.97641565   33.73867619    9.73700844   18.31555945   16.56775171    1.10549456  2040.56554646  6459.41386847   18.31555945   16.56775171    1.10549456  2040.56554646  6459.41386847 
0.700000   16.91440494    0.49113405   44.97616925   33.93226576    8.22539473   18.35036156   16.72056586    1.09747252  2053.22919411  6541.20142312   18.35036156   16.72056586    1.09747252  2053.22919411  6541.20142312 
0.800000   16.88453878    0.38900244   44.97675263   34.11807060    6.83612977   18.39861226   16.86453408    1.09096475  2066.32871025  6624.72716096   18.39861226   16.86453408    1.09096475  2066.32871025  6624.72716096 
0.900000   16.85326286    0.29382217   44.97810710   34.29874849    5.53722955   18.45801800   17.00246316    1.08560847  2079.79335286  6710.46427325   18.45801800   17.00246316    1.08560847  2079.79335286  6710.46427325 
1.000000   16.82081388    0.20347762   44.98018558   34.47628403    4.30549551   18.52695237   17.13640320    1.08114592  2093.61556959  6798.42031195   18.52695237   17.13640320    1.08114592  2093.61556959  6798.42031195 
1.100000   16.78735271    0.11641634   44.98295102   34.65220785    3.12369465   18.60425022   17.26789576    1.07738954  2107.87985085  6889.16750091   18.60425022   17.26789576    1.07738954  2107.87985085  6889.16750091 
1.200000   16.75298885    0.03147447   44.98637522   34.82773995    1.97876107   18.68907347   17.39813274    1.07419996  2122.58115313  6982.84762568   18.68907347   17.39813274    1.07419996  2122.58115313  6982.84762568 
1.300000   16.71275136    0.00000000   44.98659721   35.01168144    1.51751084   18.78785701   17.50694990    1.07316564  2137.71681484  7079.14517488   18.78785849   17.50695598    1.07316535  2137.71691501  7079.14612188 
1.400000   16.66967559    0.00000000   44.98585000   35.20132303    1.33569334   18.89480141   17.60538256    1.07324004  2153.31423019  7178.26054256   18.89480507   17.60539734    1.07323934  2153.31444756  7178.26262432 
1.500000   16.62544107    0.00000000   44.98545151   35.39477754    1.20448211   19.00700086   17.70171010    1.07373812  2169.40697209  7280.61693964   19.00700533   17.70173395    1.07373692  2169.40727473  7280.61983374 
1.600000   16.58021572    0.00000000   44.98556955   35.59227729    1.09768079   19.12407538   17.80004930    1.07438328  2186.01448413  7386.50697855   19.12408170   17.80007577    1.07438204  2186.01484237  7386.51045005 
1.700000   16.53404194    0.00000000   44.98627104   35.79425192    1.00816213   19.24596575   17.90060985    1.07515699  2203.17413317  7496.25566615   19.24597073   17.90064013    1.07515545  2203.17447876  7496.25900735 
1.800000   16.48689407    0.00000000   44.98756685   36.00124073    0.93044977   19.37272567   18.00366604    1.07604338  2220.90027900  7610.03494234   19.37273103   18.00369418    1.07604200  2220.90060548  7610.03813080 
1.900000   16.43866569    0.00000000   44.98948050   36.21374059    0.86480271   19.50442767   18.10946453    1.07702951  2239.21177068  7728.21918161   19.50443316   18.10948932    1.07702834  2239.21208154  7728.22224490 
2.000000   16.38947958    0.00000000   44.99213563   36.43206716    0.80488768   19.64111549   18.21816170    1.07810633  2258.18196990  7851.03971335   19.64112061   18.21818101    1.07810547  2258.18224651  7851.04245606 
2.100000   16.33925503    0.00000000   44.99559290   36.65666509    0.75215282   19.78292060   18.32998013    1.07926580  2277.80138607  7978.82767236   19.78292382   18.32999504    1.07926509  2277.80159561  7978.82975642 
2.200000   16.28792942    0.00000000   44.99991833   36.88800550    0.70564655   19.93000519   18.44516408    1.08050029  2298.16072195  8111.86777439   19.93000829   18.44517052    1.08050008  2298.16088213  8111.86938004 
2.300000   16.23556566    0.00000000   45.00521404   37.12654495    0.66050089   20.08255255   18.56398273    1.08180194  2319.32097387  8250.74319650   20.08255351   18.56398773    1.08180170  2319.32106562  8250.74412502 
2.400000   16.18201947    0.00000000   45.01155130   37.37281966    0.61808318   20.24077940   18.68708897    1.08314245  2341.24540888  8394.97077338   20.24078012   18.68709409    1.08314220  2341.24549262  8394.97162203 
2.500000   16.12730837    0.00000000   45.01909956   37.62716150    0.58155335   20.40487778   18.81425118    1.08454371  2364.00006008  8545.96380790   20.40487897   18.81425428    1.08454359  2364.00012851  8545.96451729 
2.600000   16.07150614    0.00000000   45.02800562   37.89006114    0.54621651   20.57510829   18.94569170    1.08600460  2387.71697654  8703.57717965   20.57510900   18.94569314    1.08600455  2387.71700605  8703.57749447 
2.700000   16.01444393    0.00000000   45.03839812   38.16208839    0.51453615   20.75176668   19.08169508    1.08752218  2412.34966270  8868.66597695   20.75176573   19.08169544    1.08752211  2412.34961837  8868.66557644 
2.800000   15.95621717    0.00000000   45.05046870   38.44378114    0.48458198   20.93516278   19.22253203    1.08909496  2438.06385360  9041.53609586   20.93516135   19.22252822    1.08909510  2438.06372441  9041.53483419 
2.900000   15.89663184    0.00000000   45.06438627   38.73578382    0.45867237   21.12564969   19.36852074    1.09072086  2464.92947116  9222.80007618   21.12564397   19.36851752    1.09072075  2464.92917507  9222.79717205 
3.000000   15.83578372    0.00000000   45.08038596   39.03872156    0.43445200   21.32359576   19.51997912    1.09239849  2492.99786421  9413.39783239   21.32358837   19.51997042    1.09239860  2492.99740368  9413.39326757 
3.100000   15.77343273    0.00000000   45.09864902   39.35344934    0.41195211   21.52941847   19.67733014    1.09412295  2522.38229083  9613.80685018   21.52941179   19.67731869    1.09412325  2522.38190382  9613.80297164 
3.200000   15.70967245    0.00000000   45.11947176   39.68070126    0.38988570   21.74355054   19.84094286    1.09589301  2553.16541131  9825.02434290   21.74354696   19.84092724    1.09589369  2553.16519508  9825.02208741 
3.300000   15.64435625    0.00000000   45.14316568   40.02129078    0.37023553   21.96647048   20.01122069    1.09770767  2585.40492935  10047.77602755   21.96646500   20.01120591    1.09770821  2585.40468131  10047.77346652 
3.400000   15.57739878    0.00000000   45.17006163   40.37617970    0.35207444   22.19869065   20.18864548    1.09956315  2619.29233632  10283.01781008   22.19868302   20.18863428    1.09956338  2619.29203437  10283.01476418 
3.500000   15.50884581    0.00000000   45.20059396   40.74626064    0.33450234   22.44076633   20.37366605    1.10145942  2654.93310379  10532.04607677   22.44075871   20.37365615    1.10145958  2654.93281694  10532.04317847 
3.600000   15.43851769    0.00000000   45.23520571   41.13260937    0.31926279   22.69330525   20.56681800    1.10339408  2692.47434642  10796.05734459   22.69330001   20.56681144    1.10339418  2692.47420404  10796.05585559 
3.700000   15.36633527    0.00000000   45.27441490   41.53638649    0.30512149   22.95696640   20.76867890    1.10536479  2732.11426983  11076.51523871   22.95696545   20.76868486    1.10536443  2732.11439309  11076.51642716 
3.800000   15.29223669    0.00000000   45.31878310   41.95895910    0.29095769   23.23245096   20.97997797    1.10736298  2774.01674891  11375.00373976   23.23246241   20.98001337    1.10736166  2774.01768568  11375.01333136 
3.900000   15.21619308    0.00000000   45.36901286   42.40158749    0.27711382   23.52056074   21.20143354    1.10938540  2818.39102868  11693.28561703   23.52058268   21.20147526    1.10938425  2818.39267357  11693.30244821 
4.000000   15.13816595    0.00000000   45.42589712   42.86566210    0.26405314   23.82218027   21.43362510    1.11143963  2865.40868727  12033.13033223   23.82220364   21.43365693    1.11143907  2865.41037884  12033.14759269 
4.100000   15.05799913    0.00000000   45.49028933   43.35289526    0.25202262   24.13824940   21.67737615    1.11352265  2915.35333440  12397.26994369   24.13826895   21.67740059    1.11352230  2915.35482044  12397.28507278 
4.200000   14.97557545    0.00000000   45.56318599   43.86508322    0.24142843   24.46981239   21.93350422    1.11563625  2968.63095693  12788.53392789   24.46983004   21.93353021    1.11563573  2968.63231438  12788.54785230 
4.300000   14.89087129    0.00000000   45.64575648   44.40408278    0.23177756   24.81805515   22.20304120    1.11777729  3025.48191957  13209.31131540   24.81806850   22.20306659    1.11777661  3025.48291856  13209.32178965 
4.400000   14.80377936    0.00000000   45.73928946   44.97210741    0.22256471   25.18425608   22.48709595    1.11994257  3086.32121061  13663.10058129   25.18426323   22.48711503    1.11994194  3086.32166122  13663.10561105 
4.500000   14.71414995    0.00000000   45.84525603   45.57160282    0.21382052   25.56982756   22.78688979    1.12212890  3151.52057490  14154.36820193   25.56982613   22.78689992    1.12212834  3151.52023145  14154.36528238 
4.600000   14.62184858    0.00000000   45.96533996   46.20526314    0.20542995   25.97633076   23.10377038    1.12433297  3221.56200524  14687.22278106   25.97631741   23.10376859    1.12433248  3221.56049112  14687.20806178 
4.700000   14.52672672    0.00000000   46.10145533   46.87608290    0.19738775   26.40548992   23.43923652    1.12655077  3297.08060035  15266.95786682   26.40546179   23.43921685    1.12655051  3297.07750493  15266.92711305 
4.800000   14.42856503    0.00000000   46.25577044   47.58739710    0.18978926   26.85920429   23.79495311    1.12877736  3378.73040380  15899.79734866   26.85915756   23.79491580    1.12877716  3378.72535747  15899.74674255 
4.900000   14.32708883    0.00000000   46.43072772   48.34298706    0.18270301   27.33952522   24.17280447    1.13100345  3467.20766216  16592.42946360   27.33947754   24.17276275    1.13100343  3467.20238602  16592.37608552 
5.000000   14.22212839    0.00000000   46.62913132   49.14682198    0.17602006   27.84877968   24.57478392    1.13322582  3563.25427214  17353.63791947   27.84873009   24.57473445    1.13322608  3563.24885079  17353.58248572 


# dataset 1: optimisation metric
# 1  2  3  4  5  6  7  8  9  
t  metric  metric_raw  dp  pc-gc0-width  pc-pore-length  pc-pore-width  pc-stoma-length  best  
0.000000    6.85114063    1.85114063    5.00000000    0.00000000   -0.22727273   -0.84000000   -0.04255319  BEST-STATE 
0.100000    6.98860409    2.08860409    4.90000000    0.02882987   -0.22634758   -0.87408185   -0.04270063  no 
0.200000    7.09709029    2.29709030    4.80000000    0.05016458   -0.22634614   -0.89789620   -0.04282222  no 
0.300000    7.18865318    2.48865319    4.69999999    0.06707231   -0.22685794   -0.91575929   -0.04291643  no 
0.400000    7.27209619    2.67209619    4.59999999    0.08119106   -0.22768285   -0.92991649   -0.04298509  no 
0.500000    7.35488629    2.85488629    4.50000000    0.09347492   -0.22871303   -0.94165053   -0.04303056  no 
0.600000    7.44445605    3.04445607    4.39999998    0.10451678   -0.22988597   -0.95174618   -0.04305499  no 
0.700000    7.54953731    3.24953729    4.30000001    0.11470439   -0.23116341   -0.96070928   -0.04306023  no 
0.800000    7.68222542    3.48222543    4.19999999    0.12430227   -0.23252096   -0.96887980   -0.04304782  no 
0.900000    7.86230998    3.76230995    4.10000002    0.13349754   -0.23394260   -0.97649423   -0.04301900  no 
1.000000    8.12904856    4.12904856    4.00000000    0.14242688   -0.23541755   -0.98372179   -0.04297477  no 
1.100000    8.58644412    4.68644414    3.89999998    0.15119305   -0.23693851   -0.99068669   -0.04291594  no 
1.200000    9.79250224    5.99250229    3.79999995    0.15987552   -0.23850051   -0.99748204   -0.04284308  no 
1.300000   15.21732649   11.51732645    3.70000005    0.16712999   -0.24032948   -1.00000000   -0.04283836  no 
1.400000   15.11746501   11.51746499    3.60000002    0.17369217   -0.24228747   -1.00000000   -0.04285426  no 
1.500000   15.01760651   11.51760651    3.50000000    0.18011401   -0.24429813   -1.00000000   -0.04286273  no 
1.600000   14.91775403   11.51775406    3.39999998    0.18666995   -0.24635383   -1.00000000   -0.04286022  no 
1.700000   14.81790786   11.51790791    3.29999995    0.19337399   -0.24845264   -1.00000000   -0.04284530  no 
1.800000   14.71806855   11.51806850    3.20000005    0.20024440   -0.25059572   -1.00000000   -0.04281773  no 
1.900000   14.61823645   11.51823643    3.10000002    0.20729764   -0.25278792   -1.00000000   -0.04277701  no 
2.000000   14.51841183   11.51841183    3.00000000    0.21454411   -0.25502366   -1.00000000   -0.04272052  no 
2.100000   14.41859537   11.51859528    2.90000010    0.22199868   -0.25730659   -1.00000000   -0.04264696  no 
2.200000   14.31878728   11.51878733    2.79999995    0.22967761   -0.25963957   -1.00000000   -0.04255493  no 
2.300000   14.21898846   11.51898841    2.70000005    0.23759885   -0.26201974   -1.00000000   -0.04244225  no 
2.400000   14.11919961   11.51919971    2.59999990    0.24580593   -0.26445366   -1.00000000   -0.04230742  no 
2.500000   14.01942127   11.51942127    2.50000000    0.25428341   -0.26694053   -1.00000000   -0.04214682  no 
2.600000   13.91965361   11.51965352    2.40000010    0.26304611   -0.26947699   -1.00000000   -0.04195733  no 
2.700000   13.81989733   11.51989738    2.29999995    0.27211301   -0.27207073   -1.00000000   -0.04173621  no 
2.800000   13.72015340   11.52015336    2.20000005    0.28150214   -0.27471740   -1.00000000   -0.04147939  no 
2.900000   13.62042243   11.52042252    2.09999990    0.29123472   -0.27742583   -1.00000000   -0.04118327  no 
3.000000   13.52070549   11.52070549    2.00000000    0.30133194   -0.28019165   -1.00000000   -0.04084285  no 
3.100000   13.42100373   11.52100364    1.90000010    0.31182201   -0.28302578   -1.00000000   -0.04045428  no 
3.200000   13.32131767   11.52131772    1.79999995    0.32272952   -0.28592398   -1.00000000   -0.04001124  no 
3.300000   13.22164908   11.52164903    1.70000005    0.33408138   -0.28889290   -1.00000000   -0.03950711  no 
3.400000   13.12199879   11.52199889    1.59999990    0.34590970   -0.29193642   -1.00000000   -0.03893486  no 
3.500000   13.02236839   11.52236839    1.50000000    0.35824440   -0.29505246   -1.00000000   -0.03828523  no 
3.600000   12.92275933   11.52275923    1.40000010    0.37112120   -0.29824920   -1.00000000   -0.03754881  no 
3.700000   12.82317301   11.52317306    1.29999995    0.38457859   -0.30153021   -1.00000000   -0.03671458  no 
3.800000   12.72361180   11.52361175    1.20000005    0.39866520   -0.30489833   -1.00000000   -0.03577057  no 
3.900000   12.62407712   11.52407721    1.09999990    0.41342890   -0.30835486   -1.00000000   -0.03470185  no 
4.000000   12.52457125   11.52457125    1.00000000    0.42890834   -0.31190155   -1.00000000   -0.03349155  no 
4.100000   12.42509644   11.52509635    0.90000010    0.44515841   -0.31554549   -1.00000000   -0.03212150  no 
4.200000   12.32565524   11.52565504    0.80000019    0.46223361   -0.31929203   -1.00000000   -0.03057051  no 
4.300000   12.22624991   11.52625010    0.69999981    0.48020275   -0.32314221   -1.00000000   -0.02881369  no 
4.400000   12.12688465   11.52688474    0.59999990    0.49913973   -0.32710094   -1.00000000   -0.02682363  no 
4.500000   12.02756261   11.52756261    0.50000000    0.51912599   -0.33117500   -1.00000000   -0.02456902  no 
4.600000   11.92828784   11.52828775    0.40000010    0.54025136   -0.33537052   -1.00000000   -0.02201404  no 
4.700000   11.82906486   11.52906467    0.30000019    0.56261577   -0.33969424   -1.00000000   -0.01911797  no 
4.800000   11.72989841   11.52989860    0.19999981    0.58633021   -0.34415614   -1.00000000   -0.01583467  no 
4.900000   11.63079550   11.53079560    0.09999990    0.61152030   -0.34876869   -1.00000000   -0.01211218  no 
5.000000   11.53176199   11.53176199    0.00000000    0.63831893   -0.35353962   -1.00000000   -0.00789082  no 
