#
# State information.
#
#


# dataset 0: For the stoma (column numbers are in brackets)
# 1  2  3  4  5  6  7  8  9  10  11  12  13  14  15  16  
t  pore-length  pore-width  stoma-length  stoma-width  pore-area  gc0-height  gc0-width  gc0-ar  gc0-surface-area  gc0-volume  gc1-height  gc1-width  gc1-ar  gc1-surface-area  gc1-volume  
0.000000   17.00000000    2.00000000   45.00000000   32.00000000   26.66142133   15.00000000   15.00000000    1.00000000  1398.77674988  3268.93214868   15.00000000   15.00000000    1.00000000  1398.77674988  3268.93214868 
0.100000   16.98789858    1.99574888   44.99578242   32.03156619   26.55622996   15.02922997   15.01790865    1.00075385  1402.80810847  3287.11829493   15.02922997   15.01790865    1.00075385  1402.80810847  3287.11829493 
0.200000   16.97571585    1.99105795   44.99159548   32.06385392   26.44600315   15.05839300   15.03639799    1.00146278  1406.88173037  3305.53832494   15.05839300   15.03639799    1.00146278  1406.88173037  3305.53832494 
0.300000   16.96344436    1.98595891   44.98744327   32.09682745   26.33109328   15.08753519   15.05543427    1.00213218  1410.99764521  3324.18853613   15.08753519   15.05543427    1.00213218  1410.99764521  3324.18853613 
0.400000   16.95107761    1.98047786   44.98332948   32.13045762   26.21179023   15.11669648   15.07498988    1.00276661  1415.15730773  3343.07948424   15.11669648   15.07498988    1.00276661  1415.15730773  3343.07948424 
0.500000   16.93860986    1.97463633   44.97925748   32.16472071   26.08833308   15.14591184   15.09504219    1.00336996  1419.35686139  3362.20680100   15.14591184   15.09504219    1.00336996  1419.35686139  3362.20680100 
0.600000   16.92603595    1.96845207   44.97523040   32.19959752   25.96091922   15.17521219   15.11557273    1.00394556  1423.60264934  3381.58919279   15.17521219   15.11557273    1.00394556  1423.60264934  3381.58919279 
0.700000   16.91335125    1.96193972   44.97125118   32.23507258   25.82971154   15.20462514   15.13656643    1.00449631  1427.89641177  3401.21558562   15.20462514   15.13656643    1.00449631  1427.89641177  3401.21558562 
0.800000   16.90055154    1.95511132   44.96732260   32.27113360   25.69484421   15.23417556   15.15801114    1.00502470  1432.24159958  3421.12864398   15.23417556   15.15801114    1.00502470  1432.24159958  3421.12864398 
0.900000   16.88763293    1.94797671   44.96344734   32.30777100   25.55642723   15.26388609   15.17989714    1.00553291  1436.62900742  3441.27211240   15.26388609   15.17989714    1.00553291  1436.62900742  3441.27211240 
1.000000   16.87459183    1.94054385   44.95962798   32.34497753   25.41455018   15.29377747   15.20221684    1.00602285  1441.07123380  3461.71942446   15.29377747   15.20221684    1.00602285  1441.07123380  3461.71942446 
1.100000   16.86142488    1.93281912   44.95586704   32.38274798   25.26928520   15.32386893   15.22496443    1.00649621  1445.55760826  3482.39129533   15.32386893   15.22496443    1.00649621  1445.55760826  3482.39129533 
1.200000   16.84812891    1.92480752   44.95216700   32.42107883   25.12068947   15.35417837   15.24813566    1.00695447  1450.08240421  3503.39636786   15.35417837   15.24813566    1.00695447  1450.08240421  3503.39636786 
1.300000   16.83470093    1.91651284   44.94853031   32.45996821   24.96880731   15.38472262   15.27172768    1.00739896  1454.66094830  3524.64899886   15.38472262   15.27172768    1.00739896  1454.66094830  3524.64899886 
1.400000   16.82113807    1.90793786   44.94495939   32.49941558   24.81367183   15.41551766   15.29573886    1.00783086  1459.29869766  3546.18725676   15.41551766   15.29573886    1.00783086  1459.29869766  3546.18725676 
1.500000   16.80743760    1.89908440   44.94145668   32.53942162   24.65530628   15.44657865   15.32016861    1.00825122  1463.98880366  3568.02788219   15.44657865   15.32016861    1.00825122  1463.98880366  3568.02788219 
1.600000   16.79359688    1.88995350   44.93802463   32.57998812   24.49372537   15.47792017   15.34501731    1.00866098  1468.73939871  3590.23583218   15.47792017   15.34501731    1.00866098  1468.73939871  3590.23583218 
1.700000   16.77961332    1.88054546   44.93466570   32.62111801   24.32893609   15.50955635   15.37028627    1.00906099  1473.53993686  3612.69492657   15.50955635   15.37028627    1.00906099  1473.53993686  3612.69492657 
1.800000   16.76548444    1.87085991   44.93138238   32.66281503   24.16093862   15.54150087   15.39597756    1.00945203  1478.39582118  3635.46857223   15.54150087   15.39597756    1.00945203  1478.39582118  3635.46857223 
1.900000   16.75120778    1.86089590   44.92817719   32.70508379   23.98972712   15.57376707   15.42209394    1.00983479  1483.30960347  3658.56499230   15.57376707   15.42209394    1.00983479  1483.30960347  3658.56499230 
2.000000   16.73678094    1.85065195   44.92505272   32.74792981   23.81529017   15.60636812   15.44863893    1.01020991  1488.28091508  3681.97917214   15.60636812   15.44863893    1.01020991  1488.28091508  3681.97917214 
2.100000   16.72220159    1.84012607   44.92201156   32.79135936   23.63761137   15.63931686   15.47561665    1.01057794  1493.31395126  3705.76086019   15.63931686   15.47561665    1.01057794  1493.31395126  3705.76086019 
2.200000   16.70746735    1.82931581   44.91905642   32.83537930   23.45666991   15.67262614   15.50303175    1.01093943  1498.40733072  3729.88098767   15.67262614   15.50303175    1.01093943  1498.40733072  3729.88098767 
2.300000   16.69257590    1.81821831   44.91619001   32.87999737   23.27244052   15.70630860   15.53088953    1.01129485  1503.56328263  3754.39911944   15.70630860   15.53088953    1.01129485  1503.56328263  3754.39911944 
2.400000   16.67752498    1.80683030   44.91341516   32.92522192   23.08489434   15.74037707   15.55919581    1.01164464  1508.78825178  3779.29891038   15.74037707   15.55919581    1.01164464  1508.78825178  3779.29891038 
2.500000   16.66231227    1.79514813   44.91073475   32.97106194   22.89399882   15.77484411   15.58795691    1.01198920  1514.07119525  3804.49430663   15.77484411   15.58795691    1.01198920  1514.07119525  3804.49430663 
2.600000   16.64693546    1.78316781   44.90815174   33.01752698   22.69971813   15.80972254   15.61717959    1.01232892  1519.41969782  3830.10744711   15.80972254   15.61717959    1.01232892  1519.41969782  3830.10744711 
2.700000   16.63139230    1.77088499   44.90566918   33.06462741   22.50201327   15.84502512   15.64687121    1.01266412  1524.82699031  3856.06725141   15.84502512   15.64687121    1.01266412  1524.82699031  3856.06725141 
2.800000   16.61568046    1.75829501   44.90329020   33.11237395   22.30084226   15.88076478   15.67703947    1.01299514  1530.31544516  3882.46458752   15.88076478   15.67703947    1.01299514  1530.31544516  3882.46458752 
2.900000   16.59979767    1.74539289   44.90101806   33.16077828   22.09616054   15.91695458   15.70769270    1.01332225  1535.87491379  3909.27494047   15.91695458   15.70769270    1.01332225  1535.87491379  3909.27494047 
3.000000   16.58374161    1.73217338   44.89885609   33.20985246   21.88792065   15.95360768   15.73883954    1.01364574  1541.50699256  3936.50867822   15.95360768   15.73883954    1.01364574  1541.50699256  3936.50867822 
3.100000   16.56750998    1.71863088   44.89680774   33.25960922   21.67607285   15.99073762   15.77048917    1.01396586  1547.21332970  3964.17652335   15.99073762   15.77048917    1.01396586  1547.21332970  3964.17652335 
3.200000   16.55110040    1.70475954   44.89487657   33.31006181   21.46056471   16.02835798   15.80265114    1.01428285  1552.99340551  3992.25894286   16.02835798   15.80265114    1.01428285  1552.99340551  3992.25894286 
3.300000   16.53451055    1.69055319   44.89306629   33.36122429   21.24134186   16.06648266   15.83533555    1.01459692  1558.85341924  4020.82859985   16.06648266   15.83533555    1.01459692  1558.85341924  4020.82859985 
3.400000   16.51773801    1.67600548   44.89138070   33.41311145   21.01834738   16.10512567   15.86855298    1.01490827  1564.79622442  4049.88235009   16.10512567   15.86855298    1.01490827  1564.79622442  4049.88235009 
3.500000   16.50078043    1.66110969   44.88982375   33.46573830   20.79152235   16.14430165   15.90231431    1.01521712  1570.81829687  4079.41695298   16.14430165   15.90231431    1.01521712  1570.81829687  4079.41695298 
3.600000   16.48363537    1.64585885   44.88839955   33.51912105   20.56080570   16.18402517   15.93663110    1.01552361  1576.92309009  4109.53404257   16.18402517   15.93663110    1.01552361  1576.92309009  4109.53404257 
3.700000   16.46630031    1.63024577   44.88711233   33.57327604   20.32613445   16.22431135   15.97151513    1.01582794  1583.11739064  4140.07369133   16.22431135   15.97151513    1.01582794  1583.11739064  4140.07369133 
3.800000   16.44877291    1.61426300   44.88596650   33.62822092   20.08744368   16.26517570   16.00697896    1.01613026  1589.38730740  4171.10659202   16.26517570   16.00697896    1.01613026  1589.38730740  4171.10659202 
3.900000   16.43105048    1.59790275   44.88496663   33.68397355   19.84466638   16.30663395   16.04303540    1.01643072  1595.75387644  4202.68091115   16.30663395   16.04303540    1.01643072  1595.75387644  4202.68091115 
4.000000   16.41313064    1.58115706   44.88411745   33.74055266   19.59773397   16.34870231   16.07969780    1.01672945  1602.21221642  4234.80449421   16.34870231   16.07969780    1.01672945  1602.21221642  4234.80449421 
4.100000   16.39501071    1.56401771   44.88342392   33.79797804   19.34657587   16.39139748   16.11698017    1.01702660  1608.76389573  4267.48141178   16.39139748   16.11698017    1.01702660  1608.76389573  4267.48141178 
4.200000   16.37668806    1.54647613   44.88289113   33.85626972   19.09111997   16.43473649   16.15489680    1.01732228  1615.41272157  4300.74955380   16.43473649   16.15489680    1.01732228  1615.41272157  4300.74955380 
4.300000   16.35816008    1.52852362   44.88252442   33.91544914   18.83129238   16.47873676   16.19346276    1.01761662  1622.16044114  4334.61436909   16.47873676   16.19346276    1.01761662  1622.16044114  4334.61436909 
4.400000   16.33942407    1.51015118   44.88232932   33.97553813   18.56701749   16.52341640   16.23269348    1.01790972  1629.01084015  4369.10966003   16.52341640   16.23269348    1.01790972  1629.01084015  4369.10966003 
4.500000   16.32047731    1.49134952   44.88231162   34.03655958   18.29821844   16.56879401   16.27260503    1.01820169  1635.96408484  4404.21964415   16.56879401   16.27260503    1.01820169  1635.96408484  4404.21964415 
4.600000   16.30131692    1.47210914   44.88247730   34.09853745   18.02481657   16.61488855   16.31321415    1.01849264  1643.01255533  4439.99512625   16.61488855   16.31321415    1.01849264  1643.01255533  4439.99512625 
4.700000   16.28194016    1.45242035   44.88283263   34.16149616   17.74673179   16.66171968   16.35453790    1.01878266  1650.17478052  4476.56352694   16.66171968   16.35453790    1.01878266  1650.17478052  4476.56352694 
4.800000   16.26234406    1.43227315   44.88338413   34.22546172   17.46388303   16.70930767   16.39659429    1.01907185  1657.45703560  4513.68071699   16.70930767   16.39659429    1.01907185  1657.45703560  4513.68071699 
4.900000   16.24252576    1.41165721   44.88413861   34.29046059   17.17618757   16.75767326   16.43940169    1.01936029  1664.85493587  4551.50718669   16.75767326   16.43940169    1.01936029  1664.85493587  4551.50718669 
5.000000   16.22248220    1.39056224   44.88510317   34.35652065   16.88356178   16.80683792   16.48297921    1.01964807  1672.37281389  4590.06456640   16.80683792   16.48297921    1.01964807  1672.37281389  4590.06456640 


# dataset 1: optimisation metric
# 1  2  3  4  5  6  7  8  9  
t  metric  metric_raw  dp  pc-gc0-width  pc-pore-length  pc-pore-width  pc-stoma-length  best  
0.000000    6.85114063    1.85114063    5.00000000    0.00000000   -0.22727273   -0.84000000   -0.04255319  no 
0.100000    6.75334893    1.85334893    4.90000000    0.00119391   -0.22782279   -0.84034009   -0.04264293  no 
0.200000    6.65578199    1.85578200    4.80000000    0.00242653   -0.22837655   -0.84071536   -0.04273201  no 
0.300000    6.55842569    1.85842570    4.69999999    0.00369562   -0.22893435   -0.84112329   -0.04282036  no 
0.400000    6.46126868    1.86126869    4.59999999    0.00499933   -0.22949647   -0.84156177   -0.04290788  no 
0.500000    6.36430190    1.86430190    4.50000000    0.00633615   -0.23006319   -0.84202909   -0.04299452  no 
0.600000    6.26751811    1.86751813    4.39999998    0.00770485   -0.23063473   -0.84252383   -0.04308020  no 
0.700000    6.17091177    1.87091176    4.30000001    0.00910443   -0.23121131   -0.84304482   -0.04316487  no 
0.800000    6.07447849    1.87447850    4.19999999    0.01053408   -0.23179311   -0.84359109   -0.04324846  no 
0.900000    5.97821519    1.87821517    4.10000002    0.01199314   -0.23238032   -0.84416186   -0.04333091  no 
1.000000    5.88211958    1.88211958    4.00000000    0.01348112   -0.23297310   -0.84475649   -0.04341217  no 
1.100000    5.78619037    1.88619040    3.89999998    0.01499763   -0.23357160   -0.84537447   -0.04349219  no 
1.200000    5.69042698    1.89042703    3.79999995    0.01654238   -0.23417596   -0.84601540   -0.04357091  no 
1.300000    5.59482960    1.89482955    3.70000005    0.01811518   -0.23478632   -0.84667897   -0.04364829  no 
1.400000    5.49939867    1.89939865    3.60000002    0.01971592   -0.23540282   -0.84736497   -0.04372427  no 
1.500000    5.40413557    1.90413557    3.50000000    0.02134457   -0.23602556   -0.84807325   -0.04379879  no 
1.600000    5.30904203    1.90904206    3.39999998    0.02300115   -0.23665469   -0.84880372   -0.04387182  no 
1.700000    5.21412028    1.91412033    3.29999995    0.02468575   -0.23729030   -0.84955636   -0.04394328  no 
1.800000    5.11937313    1.91937308    3.20000005    0.02639850   -0.23793253   -0.85033121   -0.04401314  no 
1.900000    5.02480344    1.92480342    3.10000002    0.02813960   -0.23858146   -0.85112833   -0.04408134  no 
2.000000    4.93041487    1.93041487    3.00000000    0.02990926   -0.23923723   -0.85194784   -0.04414781  no 
2.100000    4.83621148    1.93621138    2.90000010    0.03170778   -0.23989993   -0.85278991   -0.04421252  no 
2.200000    4.74219725    1.94219730    2.79999995    0.03353545   -0.24056967   -0.85365474   -0.04427540  no 
2.300000    4.64837741    1.94837736    2.70000005    0.03539264   -0.24124655   -0.85454254   -0.04433638  no 
2.400000    4.55475662    1.95475672    2.59999990    0.03727972   -0.24193068   -0.85545358   -0.04439542  no 
2.500000    4.46134094    1.96134094    2.50000000    0.03919713   -0.24262217   -0.85638815   -0.04445245  no 
2.600000    4.36813610    1.96813600    2.40000010    0.04114531   -0.24332112   -0.85734658   -0.04450741  no 
2.700000    4.27514825    1.97514830    2.29999995    0.04312475   -0.24402762   -0.85832920   -0.04456023  no 
2.800000    4.18238473    1.98238469    2.20000005    0.04513596   -0.24474180   -0.85933640   -0.04461085  no 
2.900000    4.08985238    1.98985247    2.09999990    0.04717951   -0.24546374   -0.86036857   -0.04465919  no 
3.000000    3.99755940    1.99755940    2.00000000    0.04925597   -0.24619356   -0.86142613   -0.04470519  no 
3.100000    3.90551389    2.00551379    1.90000010    0.05136594   -0.24693136   -0.86250953   -0.04474877  no 
3.200000    3.81372437    2.01372442    1.79999995    0.05351008   -0.24767725   -0.86361924   -0.04478986  no 
3.300000    3.72220070    2.02220065    1.70000005    0.05568904   -0.24843134   -0.86475574   -0.04482838  no 
3.400000    3.63095230    2.03095239    1.59999990    0.05790353   -0.24919373   -0.86591956   -0.04486424  no 
3.500000    3.53999022    2.03999022    1.50000000    0.06015429   -0.24996453   -0.86711123   -0.04489737  no 
3.600000    3.44932542    2.04932532    1.40000010    0.06244207   -0.25074385   -0.86833129   -0.04492767  no 
3.700000    3.35896957    2.05896961    1.29999995    0.06476768   -0.25153180   -0.86958034   -0.04495506  no 
3.800000    3.26893576    2.06893572    1.20000005    0.06713193   -0.25232850   -0.87085896   -0.04497944  no 
3.900000    3.17923701    2.07923710    1.09999990    0.06953569   -0.25313407   -0.87216778   -0.04500071  no 
4.000000    3.08988805    2.08988805    1.00000000    0.07197985   -0.25394861   -0.87350744   -0.04501878  no 
4.100000    3.00090387    2.10090377    0.90000010    0.07446534   -0.25477224   -0.87487858   -0.04503353  no 
4.200000    2.91230070    2.11230051    0.80000019    0.07699312   -0.25560509   -0.87628191   -0.04504487  no 
4.300000    2.82409531    2.12409550    0.69999981    0.07956418   -0.25644727   -0.87771811   -0.04505267  no 
4.400000    2.73630709    2.13630718    0.59999990    0.08217957   -0.25729891   -0.87918791   -0.04505682  no 
4.500000    2.64895525    2.14895525    0.50000000    0.08484034   -0.25816012   -0.88069204   -0.04505720  no 
4.600000    2.56206083    2.16206073    0.40000010    0.08754761   -0.25903105   -0.88223127   -0.04505367  no 
4.700000    2.47564631    2.17564612    0.30000019    0.09030253   -0.25991181   -0.88380637   -0.04504611  no 
4.800000    2.38973535    2.18973554    0.19999981    0.09310629   -0.26080254   -0.88541815   -0.04503438  no 
4.900000    2.30435484    2.20435494    0.09999990    0.09596011   -0.26170337   -0.88706742   -0.04501833  no 
5.000000    2.21953202    2.21953202    0.00000000    0.09886528   -0.26261445   -0.88875502   -0.04499780  BEST-STATE 
