#
# State information.
#
#


# dataset 0: For the stoma (column numbers are in brackets)
# 1  2  3  4  5  6  7  8  9  10  11  12  13  14  15  16  
t  pore-length  pore-width  stoma-length  stoma-width  pore-area  gc0-height  gc0-width  gc0-ar  gc0-surface-area  gc0-volume  gc1-height  gc1-width  gc1-ar  gc1-surface-area  gc1-volume  
0.000000   17.00000000    2.00000000   45.00000000   32.00000000   26.66142133   15.00000000   15.00000000    1.00000000  1682.89731753  4633.88931046   15.00000000   15.00000000    1.00000000  1682.89731753  4633.88931046 
0.050000   16.91218878    1.95634997   44.97905694   32.30269051   25.43198389   15.33440351   15.17317027    1.01062621  1719.43849514  4829.60075058   15.33440351   15.17317027    1.01062621  1719.43849514  4829.60075057 
0.098139   16.85939921    1.88416449   45.01546879   32.66695553   24.05549093   15.61481923   15.39139552    1.01451614  1758.64424809  5037.09069970   15.61481923   15.39139552    1.01451614  1758.64424809  5037.09069970 
0.127394   16.84139630    1.84111847   45.06618789   32.90736055   23.28927429   15.78026587   15.53312104    1.01591083  1784.30041187  5172.11949289   15.78026587   15.53312104    1.01591083  1784.30041187  5172.11949289 
0.170798   16.83347702    1.78386298   45.17972048   33.28139877   22.30443569   16.02132058   15.74876790    1.01730629  1824.63302507  5383.20701656   16.02132058   15.74876790    1.01730629  1824.63302507  5383.20701656 
0.198160   16.83910714    1.75264344   45.27241573   33.52347422   21.78143251   16.17010236   15.88541539    1.01792128  1851.12070891  5521.65841904   16.17010236   15.88541539    1.01792128  1851.12070891  5521.65841904 
0.240049   16.86120746    1.71196109   45.43989787   33.89591682   21.11551281   16.39146852   16.09197786    1.01861118  1892.65124838  5738.31327911   16.39146852   16.09197786    1.01861118  1892.65124838  5738.31327911 
0.293561   16.90728736    1.67041296   45.68494177   34.36196470   20.45833728   16.65981793   16.34577587    1.01921243  1945.96924731  6017.16859036   16.65981793   16.34577587    1.01921243  1945.96924731  6017.16859036 
0.324965   16.94042261    1.65013182   45.83769482   34.62514448   20.14835097   16.80858445   16.48750633    1.01947403  1976.75604984  6179.00948107   16.80858445   16.48750633    1.01947403  1976.75604984  6179.00948107 
0.370089   16.99220694    1.62477526   46.06075633   34.98593569   19.77225170   17.01045680   16.68058021    1.01977609  2019.81560897  6405.88745244   17.01045680   16.68058021    1.01977609  2019.81560897  6405.88745244 
0.426188   17.05892719    1.59751394   46.33461499   35.40361691   19.38304928   17.24230337   16.90305148    1.02007045  2070.74993139  6676.15487689   17.24230337   16.90305148    1.02007045  2070.74993139  6676.15487688 
0.491067   17.13441251    1.56987089   46.63686848   35.84491158   19.00177538   17.48613214   17.13752034    1.02034202  2125.60942603  6970.04508552   17.48613214   17.13752034    1.02034202  2125.60942603  6970.04508552 
0.562803   17.21236329    1.54241303   46.94701195   36.28575087   18.63299912   17.72931409   17.37166892    1.02058784  2181.31655961  7271.95307652   17.72931409   17.37166892    1.02058784  2181.31655961  7271.95307652 
0.640192   17.28857410    1.51531062   47.25185704   36.71380377   18.27513392   17.96551013   17.59924658    1.02081132  2236.11837407  7572.48195822   17.96551013   17.59924658    1.02081132  2236.11837407  7572.48195822 
0.722102   17.36051190    1.48879385   47.54311156   37.12214184   17.92834425   18.19104099   17.81667399    1.02101217  2288.86943905  7865.68984363   18.19104099   17.81667399    1.02101217  2288.86943905  7865.68984363 
0.807631   17.42712060    1.46303451   47.81680322   37.50756073   17.59317268   18.40440488   18.02226311    1.02120387  2339.02334093  8148.18627990   18.40440488   18.02226311    1.02120387  2339.02334093  8148.18627990 
0.896054   17.48820445    1.43824190   48.07187963   37.86994362   17.27132942   18.60527229   18.21585086    1.02137816  2386.42943471  8418.51477013   18.60527229   18.21585086    1.02137816  2386.42943471  8418.51477013 
0.986793   17.54405105    1.41452610   48.30876255   38.20993042   16.96386417   18.79399371   18.39770216    1.02154027  2431.12068152  8676.23697903   18.79399371   18.39770216    1.02154027  2431.12068152  8676.23697903 
1.079383   17.59514660    1.39195621   48.52865529   38.52886152   16.67146506   18.97123098   18.56845266    1.02169154  2473.20862604  8921.28044357   18.97123098   18.56845266    1.02169154  2473.20862604  8921.28044357 
1.173456   17.64203322    1.37055665   48.73305535   38.82830620   16.39438704   19.13778305   18.72887477    1.02183304  2512.87240079  9154.28310750   19.13778305   18.72887477    1.02183304  2512.87240079  9154.28310750 
1.268714   17.68523723    1.35031784   48.92350745   39.10986948   16.13249849   19.29448175   18.87977582    1.02196562  2550.31522260  9376.45096812   19.29448175   18.87977582    1.02196562  2550.31522260  9376.45096812 
1.364920   17.72523713    1.33120668   49.10147858   39.37509727   15.88538067   19.44214106   19.02194530    1.02209005  2585.68323888  9588.24201045   19.44214106   19.02194530    1.02209005  2585.68323888  9588.24201045 
1.461885   17.76245338    1.31317484   49.26830721   39.62543106   15.65242179   19.58152819   19.15612811    1.02220700  2619.18316285  9790.22892736   19.58152819   19.15612811    1.02220700  2619.18316285  9790.22892736 
1.559458   17.79724872    1.29616529   49.42518520   39.86219025   15.43289387   19.71335220   19.28301248    1.02231704  2650.96681766  9983.32994176   19.71335220   19.28301248    1.02231704  2650.96681766  9983.32994176 
1.657515   17.82993275    1.28011709   49.57316303   40.08656979   15.22601036   19.83826017   19.40322635    1.02242070  2681.15859043  10168.16706538   19.83826017   19.40322635    1.02242070  2681.15859043  10168.16706538 
1.755961   17.86076874    1.26496810   49.71316051   40.29964352   15.03096774   19.95683861   19.51733771    1.02251849  2709.90173163  10345.18798706   19.95683861   19.51733771    1.02251849  2709.90173163  10345.18798706 
1.854718   17.88998002    1.25065756   49.84597969   40.50237656   14.84697262   20.06961679   19.62585950    1.02261085  2737.33421340  10515.19408259   20.06961679   19.62585950    1.02261085  2737.33421340  10515.19408259 
1.953724   17.91775632    1.23712701   49.97232151   40.69563293   14.67326010   20.17707062   19.72925296    1.02269816  2763.50725463  10678.69466199   20.17707062   19.72925296    1.02269816  2763.50725463  10678.69466199 
2.052928   17.94425911    1.22432101   50.09279680   40.88018608   14.50910378   20.27962875   19.82793254    1.02278080  2788.61977771  10836.00649814   20.27962875   19.82793254    1.02278080  2788.61977771  10836.00649814 
2.152292   17.96962625    1.21218789   50.20794201   41.05672836   14.35382193   20.37767601   19.92227024    1.02285913  2812.70583481  10987.64351181   20.37767601   19.92227024    1.02285913  2812.70583481  10987.64351181 
2.251783   17.99397570    1.20067948   50.31822634   41.22588158   14.20677946   20.47155809   20.01260105    1.02293340  2835.84578289  11134.00190255   20.47155809   20.01260105    1.02293340  2835.84578289  11134.00190255 
2.351375   18.01740909    1.18975127   50.42406464   41.38820267   14.06738801   20.56158829   20.09922570    1.02300400  2858.09894652  11275.50863991   20.56158829   20.09922570    1.02300400  2858.09894652  11275.50863991 
2.451049   18.04001403    1.17936230   50.52582169   41.54419422   13.93510482   20.64804649   20.18241596    1.02307110  2879.55088072  11412.35703609   20.64804649   20.18241596    1.02307110  2879.55088072  11412.35703609 
2.550789   18.06186652    1.16947472   50.62382174   41.69430828   13.80942986   20.73118734   20.26241678    1.02313498  2900.24784390  11544.91135139   20.73118734   20.26241678    1.02313498  2900.24784390  11544.91135139 
2.650580   18.08303261    1.16005391   50.71835279   41.83895397   13.68990387   20.81124067   20.33945003    1.02319584  2920.24153088  11673.44307675   20.81124067   20.33945003    1.02319584  2920.24153088  11673.44307675 
2.750413   18.10357022    1.15106815   50.80967093   41.97850037   13.57610502   20.88841486   20.41371611    1.02325391  2939.57876425  11798.20016287   20.88841486   20.41371611    1.02325391  2939.57876425  11798.20016287 
2.850280   18.12353015    1.14248818   50.89800644   42.11328411   13.46764639   20.96289873   20.48539796    1.02330932  2958.28840608  11919.22774478   20.96289873   20.48539796    1.02330932  2958.28840608  11919.22774478 
2.950173   18.14295697    1.13428724   50.98356581   42.24360943   13.36417200   21.03486490   20.55466110    1.02336228  2976.43628065  12037.09504456   21.03486490   20.55466110    1.02336228  2976.43628065  12037.09504456 
3.050088   18.16189051    1.12644070   51.06653404   42.36975384   13.26535576   21.10447025   20.62165657    1.02341294  2994.04403132  12151.81237363   21.10447025   20.62165657    1.02341294  2994.04403132  12151.81237363 
3.150019   18.18036568    1.11892611   51.14707899   42.49197197   13.17089780   21.17185831   20.68652293    1.02346143  3011.14499162  12263.55525881   21.17185831   20.68652293    1.02346143  3011.14499162  12263.55525882 
3.249965   18.19841385    1.11172253   51.22535276   42.61049461   13.08052196   21.23716021   20.74938604    1.02350788  3027.76763361  12372.48416367   21.23716021   20.74938604    1.02350788  3027.76763361  12372.48416367 
3.349921   18.21606326    1.10481089   51.30149317   42.72553539   12.99397480   21.30049658   20.81036225    1.02355242  3043.93789127  12478.75343978   21.30049658   20.81036225    1.02355242  3043.93789127  12478.75343978 
3.449886   18.23333883    1.09817356   51.37562561   42.83728886   12.91102192   21.36197805   20.86955765    1.02359515  3059.68086131  12582.48760692   21.36197805   20.86955765    1.02359515  3059.68086131  12582.48760692 
3.549858   18.25026333    1.09179425   51.44786549   42.94593620   12.83144795   21.42170715   20.92707098    1.02363619  3075.01994330  12683.82030039   21.42170715   20.92707098    1.02363619  3075.01994330  12683.82030039 
3.649836   18.26685727    1.08565801   51.51831675   43.05164146   12.75505341   21.47977686   20.98299173    1.02367561  3089.97621209  12782.86902131   21.47977686   20.98299173    1.02367561  3089.97621209  12782.86902131 
3.749818   18.28313911    1.07975090   51.58707666   43.15455914   12.68165404   21.53627539   21.03740412    1.02371354  3104.56915817  12879.74310356   21.53627539   21.03740412    1.02371354  3104.56915817  12879.74310356 
3.849803   18.29912591    1.07405996   51.65423393   43.25483036   12.61107932   21.59128237   21.09038520    1.02375002  3118.81682717  12974.54412834   21.59128237   21.09038520    1.02375002  3118.81682717  12974.54412834 
3.949792   18.31483281    1.06857342   51.71986914   43.35258675   12.54317123   21.64487314   21.14200667    1.02378518  3132.73594691  13067.36655693   21.64487314   21.14200667    1.02378518  3132.73594691  13067.36655693 
4.049783   18.33027411    1.06328005   51.78405857   43.44795132   12.47778319   21.69711590   21.19233564    1.02381900  3146.34208689  13158.29876570   21.69711590   21.19233564    1.02381900  3146.34208689  13158.29876570 
4.149776   18.34546244    1.05816966   51.84687233   43.54103661   12.41477865   21.74807644   21.24143347    1.02385164  3159.64972400  13247.42313961   21.74807644   21.24143347    1.02385164  3159.64972400  13247.42313961 
4.249770   18.36040998    1.05323267   51.90837431   43.63194847   12.35403137   21.79781389   21.28935790    1.02388311  3172.67235704  13334.81686081   21.79781389   21.28935790    1.02388311  3172.67235704  13334.81686081 
4.349765   18.37512743    1.04846013   51.96862507   43.72078514   12.29542301   21.84638500   21.33616251    1.02391351  3185.42258972  13420.55210111   21.84638500   21.33616251    1.02391351  3185.42258972  13420.55210111 
4.449761   18.38962483    1.04384369   52.02768040   43.80764103   12.23884360   21.89384222   21.38189867    1.02394285  3197.91221466  13504.69670237   21.89384222   21.38189867    1.02394285  3197.91221466  13504.69670237 
4.549758   18.40391183    1.03937554   52.08559322   43.89260006   12.18419063   21.94023371   21.42661226    1.02397119  3210.15226948  13587.31440597   21.94023371   21.42661226    1.02397119  3210.15226948  13587.31440597 
4.649755   18.41799676    1.03504854   52.14241123   43.97574425   12.13136802   21.98560619   21.47034785    1.02399860  3222.14587355  13668.39566514   21.98560619   21.47034785    1.02399860  3222.14587355  13668.39566514 
4.749753   18.43188787    1.03085577   52.19818068   44.05714989   12.08028624   22.03000259   21.51314706    1.02402510  3233.91719234  13748.13532361   22.03000259   21.51314706    1.02402510  3233.91719234  13748.13532361 
4.849752   18.44559252    1.02679098   52.25294447   44.13688850   12.03086119   22.07346344   21.55504876    1.02405073  3245.46283599  13826.46011361   22.07346344   21.55504876    1.02405073  3245.46283599  13826.46011361 
4.949751   18.45911789    1.02284813   52.30674267   44.21502590   11.98301393   22.11602688   21.59608889    1.02407556  3256.79239621  13903.45295538   22.11602688   21.59608889    1.02407556  3256.79239621  13903.45295538 
5.000000   18.46584880    1.02091110   52.33342314   44.25370598   11.95954349   22.13708782   21.61639744    1.02408775  3262.41291245  13941.70402626   22.13708782   21.61639744    1.02408775  3262.41291245  13941.70402626 


# dataset 1: optimisation metric
# 1  2  3  4  5  6  7  8  9  
t  metric  metric_raw  dp  pc-gc0-width  pc-pore-length  pc-pore-width  pc-stoma-length  best  
0.000000    6.85114063    1.85114063    5.00000000    0.00000000   -0.22727273   -0.84000000   -0.04255319  no 
0.050000    6.82375462    1.87375462    4.95000000    0.01154468   -0.23126415   -0.84349200   -0.04299879  no 
0.098139    6.81338969    1.91152819    4.90186150    0.02609303   -0.23366367   -0.84926684   -0.04222407  no 
0.127394    6.80728139    1.93467529    4.87260610    0.03554140   -0.23448199   -0.85271052   -0.04114494  no 
0.170798    6.79546372    1.96626195    4.82920177    0.04991786   -0.23484195   -0.85729096   -0.03872935  no 
0.198160    6.78573225    1.98389220    4.80184005    0.05902769   -0.23458604   -0.85978853   -0.03675711  no 
0.240049    6.76727378    2.00732311    4.75995067    0.07279852   -0.23358148   -0.86304311   -0.03319366  no 
0.293561    6.73826211    2.03182294    4.70643917    0.08971839   -0.23148694   -0.86636696   -0.02797996  no 
0.324965    6.71904490    2.04401035    4.67503455    0.09916709   -0.22998079   -0.86798945   -0.02472990  no 
0.370089    6.68939208    2.05948119    4.62991089    0.11203868   -0.22762696   -0.87001798   -0.01998391  no 
0.426188    6.65024508    2.07643316    4.57381192    0.12687010   -0.22459422   -0.87219888   -0.01415713  no 
0.491067    6.60292679    2.09399402    4.50893277    0.14250136   -0.22116307   -0.87441033   -0.00772620  no 
0.562803    6.54902879    2.11183176    4.43719703    0.15811126   -0.21761985   -0.87660696   -0.00112741  no 
0.640192    6.48964470    2.12983626    4.35980844    0.17328311   -0.21415572   -0.87877515    0.00535866  no 
0.722102    6.42573666    2.14783913    4.27789754    0.18777827   -0.21088582   -0.88089649    0.01155557  no 
0.807631    6.35806449    2.16569563    4.19236887    0.20148421   -0.20785815   -0.88295724    0.01737879  no 
0.896054    6.28717472    2.18322887    4.10394585    0.21439006   -0.20508162   -0.88494065    0.02280595  no 
0.986793    6.21353017    2.20032268    4.01320750    0.22651348   -0.20254313   -0.88683791    0.02784601  no 
1.079383    6.13750489    2.21688802    3.92061687    0.23789684   -0.20022061   -0.88864350    0.03252458  no 
1.173456    6.05941203    2.23286775    3.82654428    0.24859165   -0.19808940   -0.89035547    0.03687352  no 
1.268714    5.97951716    2.24823099    3.73128617    0.25865172   -0.19612558   -0.89197457    0.04092569  no 
1.364920    5.89804660    2.26296686    3.63507974    0.26812969   -0.19430740   -0.89350347    0.04471231  no 
1.461885    5.81519372    2.27707906    3.53811467    0.27707521   -0.19261576   -0.89494601    0.04826186  no 
1.559458    5.73112381    2.29058135    3.44054246    0.28553417   -0.19103415   -0.89630678    0.05159969  no 
1.657515    5.64597873    2.30349390    3.34248483    0.29354842   -0.18954851   -0.89759063    0.05474815  no 
1.755961    5.55987984    2.31584114    3.24403870    0.30115585   -0.18814688   -0.89880255    0.05772682  no 
1.854718    5.47293113    2.32764946    3.14528167    0.30839063   -0.18681909   -0.89994740    0.06055276  no 
1.953724    5.38522249    2.33894628    3.04627621    0.31528353   -0.18555653   -0.90102984    0.06324088  no 
2.052928    5.29683090    2.34975911    2.94707179    0.32186217   -0.18435186   -0.90205432    0.06580419  no 
2.152292    5.20782294    2.36011471    2.84770823    0.32815135   -0.18319881   -0.90302497    0.06825409  no 
2.251783    5.11825635    2.37003901    2.74821734    0.33417340   -0.18209201   -0.90394564    0.07060056  no 
2.351375    5.02818138    2.37955672    2.64862466    0.33994838   -0.18102686   -0.90481990    0.07285244  no 
2.451049    4.93764187    2.38869119    2.54895067    0.34549440   -0.17999936   -0.90565102    0.07501748  no 
2.550789    4.84667595    2.39746459    2.44921136    0.35082779   -0.17900607   -0.90644202    0.07710259  no 
2.650580    4.75531742    2.40589759    2.34941983    0.35596334   -0.17804397   -0.90719569    0.07911389  no 
2.750413    4.66359608    2.41400950    2.24958658    0.36091441   -0.17711044   -0.90791455    0.08105683  no 
2.850280    4.57153869    2.42181849    2.14972019    0.36569320   -0.17620318   -0.90860095    0.08293631  no 
2.950173    4.47916832    2.42934146    2.04982686    0.37031074   -0.17532014   -0.90925702    0.08475672  no 
3.050088    4.38650649    2.43659418    1.94991231    0.37477710   -0.17445952   -0.90988474    0.08652200  no 
3.150019    4.29357183    2.44359124    1.84998059    0.37910153   -0.17361974   -0.91048591    0.08823572  no 
3.249965    4.20038174    2.45034646    1.75003529    0.38329240   -0.17279937   -0.91106220    0.08990112  no 
3.349921    4.10695156    2.45687255    1.65007901    0.38735748   -0.17199712   -0.91161513    0.09152113  no 
3.449886    4.01329561    2.46318146    1.55011415    0.39130384   -0.17121187   -0.91214612    0.09309842  no 
3.549858    3.91942646    2.46928431    1.45014215    0.39513807   -0.17044258   -0.91265646    0.09463544  no 
3.649836    3.82535584    2.47519143    1.35016441    0.39886612   -0.16968831   -0.91314736    0.09613440  no 
3.749818    3.73109497    2.48091258    1.25018239    0.40249361   -0.16894822   -0.91361993    0.09759738  no 
3.849803    3.63665370    2.48645691    1.15019679    0.40602568   -0.16822155   -0.91407520    0.09902625  no 
3.949792    3.54204090    2.49183281    1.05020809    0.40946711   -0.16750760   -0.91451413    0.10042275  no 
4.049783    3.44726561    2.49704837    0.95021725    0.41282238   -0.16680572   -0.91493760    0.10178848  no 
4.149776    3.35233546    2.50211097    0.85022449    0.41609556   -0.16611534   -0.91534643    0.10312494  no 
4.249770    3.25725795    2.50702764    0.75023031    0.41929053   -0.16543591   -0.91574139    0.10443350  no 
4.349765    3.16204018    2.51180500    0.65023518    0.42241083   -0.16476693   -0.91612319    0.10571543  no 
4.449761    3.06668836    2.51644928    0.55023909    0.42545991   -0.16410796   -0.91649251    0.10697192  no 
4.549758    2.97120837    2.52096633    0.45024204    0.42844082   -0.16345855   -0.91684996    0.10820411  no 
4.649755    2.87560608    2.52536156    0.35024452    0.43135652   -0.16281833   -0.91719612    0.10941300  no 
4.749753    2.77988678    2.52964026    0.25024652    0.43420980   -0.16218692   -0.91753154    0.11059959  no 
4.849752    2.68405527    2.53380722    0.15024805    0.43700325   -0.16156398   -0.91785672    0.11176478  no 
4.949751    2.58811620    2.53786710    0.05024910    0.43973926   -0.16094919   -0.91817215    0.11290942  no 
5.000000    2.53986816    2.53986816    0.00000000    0.44109316   -0.16064324   -0.91832711    0.11347709  BEST-STATE 
