#
# State information.
#
#


# dataset 0: For the stoma (column numbers are in brackets)
# 1  2  3  4  5  6  7  8  9  10  11  12  13  14  15  16  
t  pore-length  pore-width  stoma-length  stoma-width  pore-area  gc0-height  gc0-width  gc0-ar  gc0-surface-area  gc0-volume  gc1-height  gc1-width  gc1-ar  gc1-surface-area  gc1-volume  
0.000000   17.00000000    2.00000000   45.00000000   32.00000000   26.66142133   15.00000000   15.00000000    1.00000000  1682.89731753  4633.88931046           nan           nan           nan           nan           nan 
0.100000   17.15766510    2.89478743   45.14315294   32.92965603   35.91348717   14.94852073   15.01743430    0.99541110  1712.40163192  4752.88532209           nan           nan           nan           nan           nan 
0.150000   17.24536949    3.29824531   45.23994896   33.34078765   40.38898202   14.92974409   15.02127117    0.99390684  1727.05688412  4810.22696765           nan           nan           nan           nan           nan 
0.210000   17.36043352    3.74459851   45.37328914   33.79521430   45.56427315   14.90958597   15.02530789    0.99229820  1744.44948080  4877.51658367           nan           nan           nan           nan           nan 
0.278000   17.50236839    4.20539975   45.54191595   34.26506972   51.16380927   14.88855460   15.02983499    0.99060000  1763.82870261  4951.60911336           nan           nan           nan           nan           nan 
0.352400   17.66765469    4.66135669   45.74082685   34.73184514   56.97877859   14.86704420   15.03524423    0.98881295  1784.41853975  5030.04802367           nan           nan           nan           nan           nan 
0.431920   17.85021377    5.10043645   45.96223432   35.18420196   62.85562873   14.84603444   15.04188275    0.98697980  1805.70839703  5110.32598004           nan           nan           nan           nan           nan 
0.515536   18.04307485    5.51637101   46.19750237   35.61590195   68.68163681   14.82638967   15.04976547    0.98515752  1827.17598443  5190.66654064           nan           nan           nan           nan           nan 
0.602429   18.23981476    5.90651250   46.43884110   36.02421618   74.37983814   14.80861433   15.05885184    0.98338270  1848.37821604  5269.63352914           nan           nan           nan           nan           nan 
0.691943   18.43545163    6.27029657   46.68027461   36.40838909   79.89813214   14.79297508   15.06904626    0.98167959  1869.03565032  5346.64908542           nan           nan           nan           nan           nan 
0.783554   18.62672019    6.60860920   46.91737294   36.76898670   85.20560312   14.77955863   15.08018875    0.98006457  1888.98922263  5421.15397240           nan           nan           nan           nan           nan 
0.876844   18.81119061    6.92295551   47.14709830   37.10696459   90.28861710   14.76830284   15.09200454    0.97855144  1908.17008980  5493.00617737           nan           nan           nan           nan           nan 
0.971475   18.98777139    7.21501398   47.36808205   37.42398500   95.14227936   14.75888491   15.10448551    0.97711934  1926.57564829  5562.01333984           nan           nan           nan           nan           nan 
1.067180   19.15616727    7.48657179   47.57970548   37.72180271   99.76797465   14.75091180   15.11761546    0.97574329  1944.19901557  5628.27338367           nan           nan           nan           nan           nan 
1.163744   19.31641030    7.73948956   47.78173900   38.00214243  104.17300626   14.74417657   15.13132644    0.97441402  1961.04982874  5691.95728020           nan           nan           nan           nan           nan 
1.260995   19.46862864    7.97559118   47.97436047   38.26662588  108.36950344   14.73847377   15.14551735    0.97312449  1977.19520551  5753.02536539           nan           nan           nan           nan           nan 
1.358796   19.61352420    8.19742060   48.15812373   38.51669979  112.37168441   14.73372805   15.15963960    0.97190490  1992.62540741  5811.82973038           nan           nan           nan           nan           nan 
1.457037   19.75107217    8.40683079   48.33328104   38.75402975  116.19696561   14.73006439   15.17359948    0.97076929  2007.44224578  5868.28938235           nan           nan           nan           nan           nan 
1.555629   19.88141298    8.60474920   48.49998736   38.98008013  119.86045805   14.72740901   15.18766546    0.96969538  2021.66326010  5922.68084666           nan           nan           nan           nan           nan 
1.654504   20.00495505    8.79194069   48.65864110   39.19568205  123.37018701   14.72548193   15.20187068    0.96866249  2035.32418449  5975.14021400           nan           nan           nan           nan           nan 
1.753603   20.12219214    8.96918106   48.80965829   39.40162563  126.73445532   14.72414091   15.21622229    0.96766074  2048.48062705  6025.77694385           nan           nan           nan           nan           nan 
1.852882   20.23383808    9.13707638   48.95394778   39.59846640  129.95880220   14.72299021   15.23069501    0.96666568  2061.15849505  6074.81069484           nan           nan           nan           nan           nan 
1.952306   20.34034109    9.29644966   49.09216022   39.78710413  133.05117400   14.72219184   15.24532723    0.96568553  2073.38658291  6122.35007857           nan           nan           nan           nan           nan 
2.051845   20.44191647    9.44810104   49.22448874   39.96825790  136.02116617   14.72202981   15.26007843    0.96474142  2085.22811911  6168.49554045           nan           nan           nan           nan           nan 
2.151476   20.53885484    9.59267426   49.35138369   40.14244461  138.87716043   14.72251645   15.27488518    0.96383811  2096.69536419  6213.37545566           nan           nan           nan           nan           nan 
2.251181   20.63139939    9.73069143   49.47320843   40.31013870  141.62654591   14.72362465   15.28972363    0.96297520  2107.82231627  6257.05284129           nan           nan           nan           nan           nan 
2.350945   20.71991253    9.86256933   49.59019518   40.47172642  144.27540873   14.72532284   15.30457854    0.96215148  2118.62295949  6299.69000584           nan           nan           nan           nan           nan 
2.450756   20.80474305    9.98864985   49.70277405   40.62754536  146.82843103   14.72757381   15.31944776    0.96136454  2129.12768742  6341.36925449           nan           nan           nan           nan           nan 
2.550605   20.88618827   10.10929394   49.81128359   40.77795315  149.29052551   14.73034313   15.33432961    0.96061214  2139.37389842  6382.03569422           nan           nan           nan           nan           nan 
2.650484   20.96450019   10.22484875   49.91610098   40.92329693  151.66660524   14.73359904   15.34922409    0.95989211  2149.36010905  6421.96910025           nan           nan           nan           nan           nan 
2.750387   21.03989458   10.33565140   50.01751471   41.06391144  153.96153202   14.73731345   15.36413002    0.95920260  2159.10400403  6461.15105245           nan           nan           nan           nan           nan 
2.850309   21.11253500   10.44202042   50.11564302   41.20011520  156.17996204   14.74146104   15.37904739    0.95854188  2168.63784367  6499.60333587           nan           nan           nan           nan           nan 
2.950248   21.18260956   10.54423523   50.21070433   41.33218861  158.32599070   14.74601829   15.39397669    0.95790832  2177.93642981  6537.53004261           nan           nan           nan           nan           nan 
3.050198   21.25028419   10.64255047   50.30286789   41.46038914  160.40345411   14.75096270   15.40891933    0.95730027  2187.07580175  6574.72602280           nan           nan           nan           nan           nan 
3.150158   21.31569624   10.73720360   50.39238739   41.58495617  162.41598561   14.75627504   15.42387629    0.95671638  2196.03626563  6611.38453037           nan           nan           nan           nan           nan 
3.250127   21.37897968   10.82840633   50.47937584   41.70610332  164.36685184   14.76193772   15.43884850    0.95615536  2204.83008625  6647.51579197           nan           nan           nan           nan           nan 
3.350101   21.44019890   10.91635895   50.56396532   41.82402897  166.25921678   14.76793481   15.45383501    0.95561618  2213.46462681  6683.18305135           nan           nan           nan           nan           nan 
3.450081   21.49956274   11.00123882   50.64630032   41.93891430  168.09582330   14.77425097   15.46883774    0.95509768  2221.95215922  6718.40145347           nan           nan           nan           nan           nan 
3.550065   21.55721474   11.08321190   50.72650766   42.05092907  169.87922843   14.78087184   15.48385859    0.95459874  2230.30122804  6753.20102448           nan           nan           nan           nan           nan 
3.650052   21.61328030   11.16243076   50.80469894   42.16022778  171.61196088   14.78778458   15.49889851    0.95411842  2238.51603174  6787.65153667           nan           nan           nan           nan           nan 
3.750041   21.66776466   11.23903561   50.88095140   42.26695442  173.29631856   14.79497690   15.51395941    0.95365577  2246.61275535  6821.65919597           nan           nan           nan           nan           nan 
3.850033   21.72074938   11.31315994   50.95541763   42.37124443  174.93440287   14.80243774   15.52904224    0.95320996  2254.59563043  6855.34545605           nan           nan           nan           nan           nan 
3.950027   21.77228022   11.38493061   51.02815485   42.47322559  176.52825716   14.81015709   15.54414749    0.95278027  2262.46710439  6888.73218081           nan           nan           nan           nan           nan 
4.050021   21.82243681   11.45445919   51.09924078   42.57301521  178.07975133   14.81812519   15.55927801    0.95236586  2270.23437042  6921.82380068           nan           nan           nan           nan           nan 
4.150017   21.87129116   11.52185249   51.16875792   42.67071915  179.59063384   14.82633352   15.57443333    0.95196616  2277.90566971  6954.63241673           nan           nan           nan           nan           nan 
4.250014   21.91885519   11.58721066   51.23677731   42.76643848  181.06261138   14.83477458   15.58961391    0.95158063  2285.45350130  6987.29490867           nan           nan           nan           nan           nan 
4.350011   21.96519518   11.65062428   51.30336475   42.86026669  182.49718209   14.84344003   15.60482121    0.95120859  2292.94375178  7019.61735126           nan           nan           nan           nan           nan 
4.450009   22.01038647   11.71217728   51.36857224   42.95229244  183.89577678   14.85232221   15.62005758    0.95084939  2300.35112258  7051.71572120           nan           nan           nan           nan           nan 
4.550007   22.05447865   11.77194881   51.43245029   43.04259682  185.25976382   14.86141449   15.63532400    0.95050250  2307.67991586  7083.60490680           nan           nan           nan           nan           nan 
4.650005   22.09750748   11.83001804   51.49504328   43.13125992  186.59046894   14.87071028   15.65062094    0.95016743  2314.93843816  7115.37357770           nan           nan           nan           nan           nan 
4.750004   22.13952875   11.88645077   51.55640745   43.21835232  187.88907005   14.88020386   15.66595078    0.94984365  2322.12129118  7146.88512787           nan           nan           nan           nan           nan 
4.850004   22.18057728   11.94131565   51.61658192   43.30393982  189.15671523   14.88988984   15.68131208    0.94953087  2329.23804989  7178.24657045           nan           nan           nan           nan           nan 
4.950003   22.22066832   11.99466991   51.67566538   43.38808346  190.39441594   14.89976316   15.69670677    0.94922861  2336.29076832  7209.46004005           nan           nan           nan           nan           nan 
5.000000   22.24032259   12.02079678   51.70480680   43.42963028  191.00230518   14.90476850   15.70441675    0.94908131  2339.79357232  7224.99507336           nan           nan           nan           nan           nan 


# dataset 1: optimisation metric
# 1  2  3  4  5  6  7  8  9  
t  metric  metric_raw  dp  pc-gc0-width  pc-pore-length  pc-pore-width  pc-stoma-length  best  
0.000000    6.85114063    1.85114063    5.00000000    0.00000000   -0.22727273   -0.84000000   -0.04255319  no 
0.100000    6.38433834    1.48433834    4.90000000    0.00116229   -0.22010613   -0.76841701   -0.03950738  no 
0.150000    6.20494466    1.35494467    4.84999999    0.00141808   -0.21611957   -0.73614038   -0.03744789  no 
0.210000    6.01896884    1.22896884    4.79000001    0.00168719   -0.21088939   -0.70043212   -0.03461087  no 
0.278000    5.83555616    1.11355616    4.72200000    0.00198900   -0.20443780   -0.66356802   -0.03102306  no 
0.352400    5.65847440    1.01087440    4.64760000    0.00234962   -0.19692479   -0.62709146   -0.02679092  no 
0.431920    5.48880584    0.92072583    4.56808001    0.00279218   -0.18862665   -0.59196508   -0.02208012  no 
0.515536    5.32634314    0.84187915    4.48446399    0.00331770   -0.17986023   -0.55869032   -0.01707442  no 
0.602429    5.17042401    0.77285281    4.39757121    0.00392346   -0.17091751   -0.52747900   -0.01193955  no 
0.691943    5.02029506    0.71223811    4.30805695    0.00460308   -0.16202493   -0.49837627   -0.00680267  no 
0.783554    4.87520008    0.65875451    4.21644557    0.00534592   -0.15333090   -0.47131126   -0.00175802  no 
0.876844    4.73447783    0.61132140    4.12315643    0.00613364   -0.14494588   -0.44616356    0.00312975  no 
0.971475    4.59756995    0.56904478    4.02852517    0.00696570   -0.13691948   -0.42279888    0.00783153  no 
1.067180    4.46399577    0.53117569    3.93282008    0.00784103   -0.12926512   -0.40107426    0.01233416  no 
1.163744    4.33333602    0.49707988    3.83625615    0.00875510   -0.12198135   -0.38084084    0.01663274  no 
1.260995    4.20522948    0.46622463    3.73900485    0.00970116   -0.11506233   -0.36195271    0.02073107  no 
1.358796    4.07926353    0.43805965    3.64120388    0.01064264   -0.10847617   -0.34420635    0.02464093  no 
1.457037    3.95515420    0.41219105    3.54296315    0.01157330   -0.10222399   -0.32745354    0.02836768  no 
1.555629    3.83274256    0.38837205    3.44437051    0.01251103   -0.09629941   -0.31162006    0.03191462  no 
1.654504    3.71189404    0.36639762    3.34549642    0.01345805   -0.09068386   -0.29664474    0.03529024  no 
1.753603    3.59247895    0.34608182    3.24639714    0.01441482   -0.08535490   -0.28246552    0.03850337  no 
1.852882    3.47439070    0.32727296    3.14711773    0.01537967   -0.08028009   -0.26903389    0.04157336  no 
1.952306    3.35750878    0.30981458    3.04769421    0.01635515   -0.07543904   -0.25628403    0.04451405  no 
2.051845    3.24172299    0.29356759    2.94815540    0.01733856   -0.07082198   -0.24415192    0.04732955  no 
2.151476    3.12694379    0.27841945    2.84852433    0.01832568   -0.06641569   -0.23258606    0.05002944  no 
2.251181    3.01309821    0.26427886    2.74881935    0.01931491   -0.06220912   -0.22154469    0.05262146  no 
2.350945    2.90012526    0.25106978    2.64905548    0.02030524   -0.05818579   -0.21099445    0.05511054  no 
2.450756    2.78797441    0.23873000    2.54924440    0.02129652   -0.05432986   -0.20090801    0.05750583  no 
2.550605    2.67659602    0.22720060    2.44939542    0.02228864   -0.05062781   -0.19125648    0.05981454  no 
2.650484    2.56594547    0.21642907    2.34951639    0.02328161   -0.04706817   -0.18201210    0.06204470  no 
2.750387    2.45598081    0.20636777    2.24961305    0.02427533   -0.04364116   -0.17314789    0.06420244  no 
2.850309    2.34666428    0.19697365    2.14969063    0.02526983   -0.04033932   -0.16463837    0.06629028  no 
2.950248    2.23796284    0.18821037    2.04975247    0.02626511   -0.03715411   -0.15646118    0.06831286  no 
3.050198    2.12984808    0.18004616    1.94980192    0.02726129   -0.03407799   -0.14859596    0.07027378  no 
3.150158    2.02229540    0.17245380    1.84984159    0.02825842   -0.03110472   -0.14102371    0.07217846  no 
3.250127    1.91528222    0.16540906    1.74987316    0.02925657   -0.02822820   -0.13372749    0.07402927  no 
3.350101    1.80878924    0.15889071    1.64989853    0.03025567   -0.02544550   -0.12669128    0.07582905  no 
3.450081    1.70279844    0.15287955    1.54991889    0.03125585   -0.02274715   -0.11990089    0.07758086  no 
3.550065    1.59729380    0.14735860    1.44993520    0.03225724   -0.02012660   -0.11334305    0.07928740  no 
3.650052    1.49226067    0.14231250    1.34994817    0.03325990   -0.01757817   -0.10700554    0.08095104  no 
3.750041    1.38768588    0.13772736    1.24995852    0.03426396   -0.01510161   -0.10087715    0.08257343  no 
3.850033    1.28355670    0.13358999    1.14996672    0.03526948   -0.01269321   -0.09494720    0.08415782  no 
3.950027    1.17985987    0.12988638    1.04997349    0.03627650   -0.01035090   -0.08920555    0.08570542  no 
4.050021    1.07658185    0.12660302    0.94997883    0.03728520   -0.00807105   -0.08364326    0.08721789  no 
4.150017    0.97370910    0.12372589    0.84998322    0.03829556   -0.00585040   -0.07825180    0.08869698  no 
4.250014    0.87122651    0.12124034    0.74998617    0.03930759   -0.00368840   -0.07302315    0.09014420  no 
4.350011    0.76912005    0.11913092    0.64998913    0.04032141   -0.00158204   -0.06795006    0.09156095  no 
4.450009    0.66737234    0.11738121    0.54999113    0.04133717    0.00047211   -0.06302582    0.09294835  no 
4.550007    0.56596699    0.11597386    0.44999313    0.04235493    0.00247630   -0.05824409    0.09430745  no 
4.650005    0.46488504    0.11489038    0.34999466    0.04337473    0.00443216   -0.05359856    0.09563922  no 
4.750004    0.36410796    0.11411225    0.24999571    0.04439672    0.00634222   -0.04908394    0.09694484  no 
4.850004    0.26361606    0.11361978    0.14999628    0.04542081    0.00820806   -0.04469475    0.09822515  no 
4.950003    0.16339154    0.11339421    0.04999733    0.04644712    0.01003038   -0.04042641    0.09948224  no 
5.000000    0.11337512    0.11337512    0.00000000    0.04696112    0.01092375   -0.03833626    0.10010227  BEST-STATE 
