#
# State information.
#
#


# dataset 0: For the stoma (column numbers are in brackets)
# 1  2  3  4  5  6  7  8  9  10  11  12  13  14  15  16  
t  pore-length  pore-width  stoma-length  stoma-width  pore-area  gc0-height  gc0-width  gc0-ar  gc0-surface-area  gc0-volume  gc1-height  gc1-width  gc1-ar  gc1-surface-area  gc1-volume  
0.000000   17.00000000    2.00000000   45.00000000   32.00000000   26.66142133   15.00000000   15.00000000    1.00000000  1682.89731753  4633.88931046   15.00000000   15.00000000    1.00000000  1682.89731753  4633.88931046 
0.100000   17.16989847    2.88628322   45.14526832   32.92657208   35.79443268   14.93395636   15.02014443    0.99426183  1711.47671434  4748.02122704   14.93395636   15.02014443    0.99426183  1711.47671434  4748.02122704 
0.200000   17.35950041    3.66472661   45.35071734   33.71201324   44.55109282   14.89041842   15.02364331    0.99113232  1739.48501460  4855.76332690   14.89041842   15.02364331    0.99113232  1739.48501460  4855.76332690 
0.250000   17.46322885    4.01391006   45.46966022   34.06207514   48.71602571   14.87163453   15.02408254    0.98985309  1753.15402111  4907.47832186   14.87163453   15.02408254    0.98985309  1753.15402111  4907.47832186 
0.310000   17.59399873    4.40076780   45.62227088   34.44991636   53.51684796   14.85064508   15.02457428    0.98842369  1769.13081736  4967.81568877   14.85064508   15.02457428    0.98842369  1769.13081736  4967.81568877 
0.378000   17.74791169    4.80098867   45.80384487   34.85201454   58.70208324   14.82859839   15.02551293    0.98689465  1786.75981230  5033.27164254   14.82859839   15.02551293    0.98689465  1786.75981230  5033.27164254 
0.452400   17.91974157    5.19806552   46.00782192   35.25248170   64.07903677   14.80612494   15.02720809    0.98528781  1805.34424008  5102.30223004   14.80612494   15.02720809    0.98528781  1805.34424008  5102.30223004 
0.531920   18.10364342    5.58146906   46.22690260   35.64171863   69.50295537   14.78398718   15.03012478    0.98362372  1824.32430777  5171.94113937   14.78398718   15.03012478    0.98362372  1824.32430777  5171.94113937 
0.615536   18.29384732    5.94576406   46.45418334   36.01434898   74.87464076   14.76284331   15.03429246    0.98194467  1843.25892580  5241.27323057   14.76284331   15.03429246    0.98194467  1843.25892580  5241.27323057 
0.702429   18.48566258    6.28856230   46.68405271   36.36800909   80.12751117   14.74321079   15.03972340    0.98028470  1861.89862434  5309.31110359   14.74321079   15.03972340    0.98028470  1861.89862434  5309.31110359 
0.791943   18.67547357    6.61020947   46.91207886   36.70211029   85.22449389   14.72538912   15.04595041    0.97869451  1880.00325654  5375.49272816   14.72538912   15.04595041    0.97869451  1880.00325654  5375.49272816 
0.883554   18.86050534    6.91328049   47.13500571   37.01714945   90.14692135   14.70928535   15.05193448    0.97723554  1897.44388335  5439.35539376   14.70928535   15.05193448    0.97723554  1897.44388335  5439.35539376 
0.976844   19.03891444    7.19752502   47.35070443   37.31434155   94.88201638   14.69456598   15.05840826    0.97583793  1914.20957445  5500.61088466   14.69456598   15.05840826    0.97583793  1914.20957445  5500.61088466 
1.071475   19.20991468    7.46374702   47.55807853   37.59463501   99.42380031   14.68136120   15.06544399    0.97450571  1930.26910013  5559.37611042   14.68136120   15.06544399    0.97450571  1930.26910013  5559.37611042 
1.167180   19.37321663    7.71329308   47.75661469   37.85927868  103.77569277   14.66926196   15.07299280    0.97321495  1945.64383743  5615.54346083   14.66926196   15.07299280    0.97321495  1945.64383743  5615.54346083 
1.263744   19.52891350    7.94751835   47.94629312   38.10943747  107.94275857   14.65810087   15.08095956    0.97196076  1960.32042789  5669.38725900   14.65810087   15.08095956    0.97196076  1960.32042789  5669.38725900 
1.360995   19.67731404    8.16749430   48.12756491   38.34614420  111.92856022   14.64789325   15.08932495    0.97074543  1974.37043068  5720.84352108   14.64789325   15.08932495    0.97074543  1974.37043068  5720.84352108 
1.458796   19.81861544    8.37471867   48.30064082   38.57047796  115.74281586   14.63866544   15.09787965    0.96958419  1987.76942725  5770.38696626   14.63866544   15.09787965    0.96958419  1987.76942725  5770.38696626 
1.557037   19.95309567    8.57039309   48.46580100   38.78326130  119.39607520   14.63052851   15.10643411    0.96849650  2000.64517061  5817.76576911   14.63052851   15.10643411    0.96849650  2000.64517061  5817.76576911 
1.655630   20.08111095    8.75555515   48.62341356   38.98575068  122.89860490   14.62341377   15.11509776    0.96747067  2012.96540731  5863.36595808   14.62341377   15.11509776    0.96747067  2012.96540731  5863.36595808 
1.754504   20.20303488    8.93106556   48.77386880   39.17881823  126.25982551   14.61724108   15.12387633    0.96650097  2024.81430743  5907.28341306   14.61724108   15.12387633    0.96650097  2024.81430743  5907.28341306 
1.853603   20.31924868    9.09772301   48.91767836   39.36325169  129.48896362   14.61192957   15.13276434    0.96558231  2036.20822178  5949.62747029   14.61192957   15.13276434    0.96558231  2036.20822178  5949.62747029 
1.952882   20.43025708    9.25618839   49.05531597   39.53969669  132.59317356   14.60740119   15.14175415    0.96470997  2047.18572841  5990.54699324   14.60740119   15.14175415    0.96470997  2047.18572841  5990.54699324 
2.052306   20.53643084    9.40704966   49.18714190   39.70873308  135.57980652   14.60357878   15.15084171    0.96387904  2057.76058602  6030.18254916   14.60357878   15.15084171    0.96387904  2057.76058602  6030.18254916 
2.151845   20.63809776    9.55092049   49.31354475   39.87095213  138.45701454   14.60039079   15.16001582    0.96308546  2067.97432285  6068.64097115   14.60039079   15.16001582    0.96308546  2067.97432285  6068.64097115 
2.251476   20.73553491    9.68833208   49.43486166   40.02687073  141.23145457   14.59777856   15.16926932    0.96232576  2077.85218997  6105.89711543   14.59777856   15.16926932    0.96232576  2077.85218997  6105.89711543 
2.351181   20.82898211    9.81975412   49.55145264   40.17693615  143.90947593   14.59565565   15.17859101    0.96159490  2087.39350183  6142.12886267   14.59565565   15.17859101    0.96159490  2087.39350183  6142.12886267 
2.450944   20.91883397    9.94570923   49.66359472   40.32160950  146.49792690   14.59360218   15.18795013    0.96086714  2096.66774713  6177.29550440   14.59360218   15.18795013    0.96086714  2096.66774713  6177.29550440 
2.550756   21.00530434   10.06661129   49.77162457   40.46116924  149.00255868   14.59235182   15.19727898    0.96019504  2105.66254011  6211.56630888   14.59235182   15.19727898    0.96019504  2105.66254011  6211.56630888 
2.650604   21.08857584   10.18281460   49.87577963   40.59597015  151.42818944   14.59127948   15.20657778    0.95953736  2114.40013884  6244.97431086   14.59127948   15.20657778    0.95953736  2114.40013884  6244.97431086 
2.750484   21.16883469   10.29465008   49.97633648   40.72641754  153.77929687   14.59047854   15.21588373    0.95889787  2122.90063122  6277.52893633   14.59047854   15.21588373    0.95889787  2122.90063122  6277.52893633 
2.850387   21.24628639   10.40245724   50.07350826   40.85284042  156.06054136   14.58990067   15.22519159    0.95827370  2131.16961086  6309.30219289   14.58990067   15.22519159    0.95827370  2131.16961086  6309.30219289 
2.950310   21.32118464   10.50651932   50.16757917   40.97548866  158.27528130   14.58954278   15.23448467    0.95766566  2139.23638063  6340.29695901   14.58954278   15.23448467    0.95766566  2139.23638063  6340.29695901 
3.050248   21.39361429   10.60742092   50.25863457   41.09465694  160.42912980   14.58936423   15.24361801    0.95708015  2147.08904713  6370.67232430   14.58936423   15.24361801    0.95708015  2147.08904713  6370.67232430 
3.150198   21.46368885   10.70548630   50.34686375   41.21055698  162.52610697   14.58926961   15.25253534    0.95651439  2154.75197050  6400.27635205   14.58926961   15.25253534    0.95651439  2154.75197050  6400.27635205 
3.250159   21.53139591   10.80089188   50.43231726   41.32353210  164.57001817   14.58937901   15.26132011    0.95597097  2162.23510269  6429.19044593   14.58937901   15.26132011    0.95597097  2162.23510269  6429.19044593 
3.350127   21.59680843   10.89374638   50.51504183   41.43389511  166.56423868   14.58973619   15.27007437    0.95544631  2169.53636496  6457.54170395   14.58973619   15.27007437    0.95544631  2169.53636496  6457.54170395 
3.450101   21.66002703   10.98396873   50.59516764   41.54163551  168.50978885   14.59032476   15.27883339    0.95493709  2176.68157659  6485.25697489   14.59032476   15.27883339    0.95493709  2176.68157659  6485.25697489 
3.550081   21.72117138   11.07175922   50.67278767   41.64684486  170.40892068   14.59110925   15.28754282    0.95444437  2183.64621361  6512.56299044   14.59110925   15.28754282    0.95444437  2183.64621361  6512.56299044 
3.650065   21.78042984   11.15707970   50.74811792   41.74957275  172.26277704   14.59198150   15.29624653    0.95395831  2190.49055886  6539.27208423   14.59198150   15.29624653    0.95395831  2190.49055886  6539.27208423 
3.750052   21.83792210   11.24008942   50.82134438   41.84988022  174.07289991   14.59304443   15.30489540    0.95348867  2197.19547897  6565.52321318   14.59304443   15.30489540    0.95348867  2197.19547897  6565.52321318 
3.850042   21.89381886   11.32081699   50.89260101   41.94781780  175.84060789   14.59422007   15.31350040    0.95302966  2203.77097180  6591.34138521   14.59422007   15.31350040    0.95302966  2203.77097180  6591.34138521 
3.950033   21.94817305   11.39938068   50.96189356   42.04355335  177.56766082   14.59545067   15.32208633    0.95257593  2210.22074214  6616.73330949   14.59545067   15.32208633    0.95257593  2210.22074214  6616.73330949 
4.050026   22.00110865   11.47587585   51.02980042   42.13718891  179.25552506   14.59672478   15.33065653    0.95212653  2216.54950658  6641.73933825   14.59672478   15.33065653    0.95212653  2216.54950658  6641.73933825 
4.150021   22.05269718   11.55045319   51.09597826   42.22885990  180.90617490   14.59795621   15.33920336    0.95167629  2222.76699901  6666.31936457   14.59795621   15.33920336    0.95167629  2222.76699901  6666.31936457 
4.250017   22.10292292   11.62326431   51.16065979   42.31874084  182.52152738   14.59919807   15.34773827    0.95122798  2228.87671467  6690.50710627   14.59919807   15.34773827    0.95122798  2228.87671467  6690.50710627 
4.350014   22.15179968   11.69438076   51.22379303   42.40696526  184.10289280   14.60055360   15.35629225    0.95078639  2234.87657472  6714.38836567   14.60055360   15.35629225    0.95078639  2234.87657472  6714.38836567 
4.450011   22.19937706   11.76385880   51.28535938   42.49356556  185.65180722   14.60206103   15.36485338    0.95035473  2240.79108527  6737.86534251   14.60206103   15.36485338    0.95035473  2240.79108527  6737.86534251 
4.550009   22.24570227   11.83173561   51.34543467   42.57856178  187.16919822   14.60372281   15.37341309    0.94993368  2246.60617820  6761.05191909   14.60372281   15.37341309    0.94993368  2246.60617820  6761.05191909 
4.650007   22.29080439   11.89805889   51.40408516   42.66199875  188.65621668   14.60553622   15.38196993    0.94952313  2252.33280416  6783.93740945   14.60553622   15.38196993    0.94952313  2252.33280416  6783.93740945 
4.750006   22.33471584   11.96287823   51.46138144   42.74392128  190.11398141   14.60749781   15.39052153    0.94912299  2257.97732875  6806.52293503   14.60749781   15.39052153    0.94912299  2257.97732875  6806.52293503 
4.850005   22.37750483   12.02623558   51.51739025   42.82437420  191.54334461   14.60960257   15.39906931    0.94873283  2263.53692943  6828.87202128   14.60960257   15.39906931    0.94873283  2263.53692943  6828.87202128 
4.950004   22.41922569   12.08816528   51.57226372   42.90338707  192.94502506   14.61184666   15.40761089    0.94835252  2269.01709055  6850.98593748   14.61184666   15.40761089    0.94835252  2269.01709055  6850.98593748 
5.000000   22.43971157   12.11860085   51.59926271   42.94236088  193.63568967   14.61301929   15.41188002    0.94816591  2271.73016232  6861.95716349   14.61301929   15.41188002    0.94816591  2271.73016232  6861.95716349 


# dataset 1: optimisation metric
# 1  2  3  4  5  6  7  8  9  
t  metric  metric_raw  dp  pc-gc0-width  pc-pore-length  pc-pore-width  pc-stoma-length  best  
0.000000    6.85114063    1.85114063    5.00000000    0.00000000   -0.22727273   -0.84000000   -0.04255319  no 
0.100000    6.38711777    1.48711777    4.90000000    0.00134296   -0.21955007   -0.76909734   -0.03946238  no 
0.200000    6.05014748    1.25014749    4.80000000    0.00157622   -0.21093180   -0.70682187   -0.03509112  no 
0.250000    5.90967470    1.15967470    4.75000000    0.00160550   -0.20621687   -0.67888720   -0.03256042  no 
0.310000    5.75801873    1.06801873    4.69000000    0.00163829   -0.20027278   -0.64793858   -0.02931339  no 
0.378000    5.60305361    0.98105360    4.62200001    0.00170086   -0.19327674   -0.61592091   -0.02545011  no 
0.452400    5.44895751    0.90135751    4.54760000    0.00181387   -0.18546629   -0.58415476   -0.02111017  no 
0.531920    5.29775373    0.82967375    4.46807998    0.00200832   -0.17710712   -0.55348248   -0.01644888  no 
0.615536    5.15016395    0.76569993    4.38446403    0.00228616   -0.16846149   -0.52433887   -0.01161312  no 
0.702429    5.00630850    0.70873732    4.29757118    0.00264823   -0.15974261   -0.49691502   -0.00672228  no 
0.791943    4.86590723    0.65785024    4.20805699    0.00306336   -0.15111484   -0.47118324   -0.00187066  no 
0.883554    4.72843284    0.61198729    4.11644554    0.00346230   -0.14270430   -0.44693756    0.00287246  no 
0.976844    4.59382428    0.57066781    4.02315646    0.00389388   -0.13459480   -0.42419800    0.00746180  no 
1.071475    4.46187933    0.53335412    3.92852521    0.00436293   -0.12682206   -0.40290024    0.01187401  no 
1.167180    4.33234576    0.49952558    3.83282018    0.00486619   -0.11939924   -0.38293655    0.01609818  no 
1.263744    4.20499106    0.46873494    3.73625612    0.00539730   -0.11232211   -0.36419853    0.02013390  no 
1.360995    4.07963317    0.44062835    3.63900483    0.00595500   -0.10557663   -0.34660046    0.02399074  no 
1.458796    3.95605363    0.41484977    3.54120386    0.00652531   -0.09915384   -0.33002251    0.02767321  no 
1.557037    3.83407996    0.39111683    3.44296312    0.00709561   -0.09304111   -0.31436855    0.03118726  no 
1.655630    3.71356572    0.36919524    3.34437048    0.00767318   -0.08722223   -0.29955559    0.03454071  no 
1.754504    3.59438964    0.34889325    3.24549639    0.00825842   -0.08168023   -0.28551476    0.03774189  no 
1.853603    3.47644132    0.33004420    3.14639711    0.00885096   -0.07639779   -0.27218216    0.04080167  no 
1.952882    3.35962712    0.31250941    3.04711771    0.00945028   -0.07135195   -0.25950493    0.04373013  no 
2.052306    3.24386499    0.29617092    2.94769406    0.01005611   -0.06652587   -0.24743603    0.04653493  no 
2.151845    3.12907379    0.28091853    2.84815526    0.01066772   -0.06190465   -0.23592636    0.04922436  no 
2.251476    3.01518346    0.26665927    2.74852419    0.01128462   -0.05747569   -0.22493343    0.05180557  no 
2.351181    2.90213320    0.25331376    2.64881945    0.01190607   -0.05322809   -0.21441967    0.05428623  no 
2.450944    2.78985714    0.24080156    2.54905558    0.01253001   -0.04914391   -0.20434326    0.05667223  no 
2.550756    2.67830476    0.22906026    2.44924450    0.01315193   -0.04521344   -0.19467110    0.05897074  no 
2.650604    2.56743307    0.21803756    2.34939551    0.01377185   -0.04142837   -0.18537483    0.06118680  no 
2.750484    2.45720396    0.20768747    2.24951649    0.01439225   -0.03778024   -0.17642799    0.06332631  no 
2.850387    2.34757924    0.19796610    2.14961314    0.01501277   -0.03425971   -0.16780342    0.06539379  no 
2.950310    2.23852840    0.18883791    2.04969049    0.01563231   -0.03085524   -0.15947845    0.06739530  no 
3.050248    2.12999600    0.18024367    1.94975233    0.01624120   -0.02756299   -0.15140633    0.06933265  no 
3.150198    2.02195351    0.17215149    1.84980202    0.01683569   -0.02437778   -0.14356110    0.07120987  no 
3.250159    1.91438664    0.16454519    1.74984145    0.01742134   -0.02130019   -0.13592865    0.07302803  no 
3.350127    1.80728850    0.15741525    1.64987326    0.01800496   -0.01832689   -0.12850029    0.07478812  no 
3.450101    1.70066697    0.15076834    1.54989862    0.01858889   -0.01545332   -0.12128250    0.07649293  no 
3.550081    1.59450710    0.14458811    1.44991899    0.01916952   -0.01267403   -0.11425926    0.07814442  no 
3.650065    1.48881430    0.13887924    1.34993505    0.01974977   -0.00998046   -0.10743362    0.07974719  no 
3.750052    1.38357920    0.13363117    1.24994802    0.02032636   -0.00736718   -0.10079285    0.08130520  no 
3.850042    1.27880151    0.12884314    1.14995837    0.02090003   -0.00482642   -0.09433464    0.08282130  no 
3.950033    1.17447349    0.12450668    1.04996681    0.02147242   -0.00235577   -0.08804955    0.08429561  no 
4.050026    1.07059529    0.12062170    0.94997358    0.02204377    0.00005039   -0.08192993    0.08574043  no 
4.150021    0.96715130    0.11717238    0.84997892    0.02261356    0.00239533   -0.07596375    0.08714847  no 
4.250017    0.86413275    0.11414991    0.74998283    0.02318255    0.00467831   -0.07013885    0.08852468  no 
4.350014    0.76153151    0.11154524    0.64998627    0.02375282    0.00689999   -0.06444954    0.08986794  no 
4.450011    0.65933702    0.10934780    0.54998922    0.02432356    0.00906259   -0.05889130    0.09117786  no 
4.550009    0.55753814    0.10754691    0.44999123    0.02489421    0.01116828   -0.05346115    0.09245606  no 
4.650007    0.45612195    0.10612872    0.34999323    0.02546466    0.01321838   -0.04815529    0.09370394  no 
4.750006    0.35507122    0.10507694    0.24999428    0.02603477    0.01521436   -0.04296974    0.09492301  no 
4.850005    0.25436898    0.10437366    0.14999533    0.02660462    0.01715931   -0.03790115    0.09611469  no 
4.950004    0.15399703    0.10400065    0.04999638    0.02717406    0.01905571   -0.03294678    0.09728221  no 
5.000000    0.10393108    0.10393108    0.00000000    0.02745867    0.01998689   -0.03051193    0.09785665  BEST-STATE 
